[
  [
    0,
    -2,
    0,
    -2,
    0,
    -1,
    0,
    0,
    0,
    0,
    -1,
    -2,
    -2,
    -2,
    0,
    0,
    800,
    500,
    0,
    -2,
    0
  ],
  [
    -2,
    -2,
    -2,
    -2,
    -1,
    0,
    -1,
    -1,
    -1,
    -1,
    -3,
    650,
    -2,
    -2,
    -2,
    -2,
    -3,
    -3,
    500,
    -2,
    -1
  ],
  [
    -2,
    -2,
    0,
    -2,
    0,
    -2,
    600,
    -2,
    -3,
    -3,
    -2,
    100,
    -3,
    -2,
    -2,
    0,
    -3,
    -3,
    0,
    0,
    0
  ],
  [
    0,
    -3,
    -3,
    -2,
    0,
    0,
    -1,
    0,
    0,
    -3,
    -2,
    0,
    0,
    100,
    -1,
    0,
    0,
    -1,
    -1,
    -1,
    -2
  ],
  [
    -2,
    850,
    1100,
    0,
    -1,
    100,
    -1,
    450,
    1050,
    -3,
    -2,
    0,
    -3,
    350,
    0,
    0,
    -1,
    -3,
    -3,
    -2,
    -1
  ],
  [
    -1,
    -3,
    -1,
    -3,
    0,
    -2,
    0,
    0,
    -2,
    -1,
    0,
    -3,
    400,
    -2,
    0,
    -3,
    700,
    -2,
    -3,
    -2,
    0
  ],
  [
    -2,
    -3,
    -1,
    -3,
    -1,
    0,
    -1,
    -3,
    -2,
    -1,
    300,
    -1,
    0,
    -1,
    200,
    -1,
    150,
    -2,
    -3,
    -3,
    -1
  ],
  [
    0,
    -3,
    -1,
    -3,
    0,
    -2,
    -3,
    -3,
    0,
    0,
    0,
    0,
    -2,
    300,
    -2,
    -3,
    -3,
    -3,
    -3,
    0,
    -1
  ],
  [
    0,
    -3,
    -1,
    -3,
    -1,
    -1,
    -2,
    -2,
    0,
    -1,
    0,
    -2,
    0,
    -2,
    0,
    0,
    -2,
    -3,
    -3,
    0,
    0
  ]
]