[
  [
    0,
    750,
    0,
    1150,
    0,
    700,
    50,
    -2,
    450,
    0,
    0,
    1100,
    -2,
    0,
    0,
    0,
    0,
    -1,
    -1,
    100,
    -1
  ],
  [
    0,
    -1,
    -3,
    -2,
    0,
    0,
    -1,
    600,
    -1,
    -2,
    150,
    -2,
    -2,
    0,
    -1,
    0,
    0,
    -1,
    -2,
    -1,
    -2
  ],
  [
    -1,
    0,
    -1,
    -3,
    450,
    -1,
    -1,
    -3,
    -3,
    -2,
    -2,
    -1,
    -3,
    -2,
    -1,
    1150,
    0,
    -3,
    0,
    -1,
    0
  ],
  [
    0,
    -1,
    -3,
    950,
    -1,
    0,
    -3,
    -3,
    -1,
    -3,
    -1,
    0,
    -1,
    -3,
    -2,
    -1,
    -3,
    0,
    -1,
    0,
    0
  ],
  [
    0,
    -3,
    0,
    0,
    0,
    0,
    -2,
    -1,
    0,
    -1,
    0,
    -1,
    -3,
    0,
    0,
    0,
    0,
    -1,
    0,
    0,
    -2
  ],
  [
    0,
    0,
    350,
    -3,
    0,
    -3,
    -3,
    -3,
    -1,
    1100,
    0,
    -1,
    -3,
    0,
    -1,
    0,
    0,
    0,
    0,
    -2,
    0
  ],
  [
    0,
    -3,
    0,
    0,
    -3,
    350,
    850,
    0,
    -3,
    -1,
    -1,
    -3,
    0,
    550,
    -2,
    0,
    -2,
    -1,
    0,
    0,
    -2
  ],
  [
    0,
    -1,
    -3,
    -2,
    0,
    0,
    0,
    -1,
    0,
    -3,
    -3,
    -3,
    -1,
    -2,
    -2,
    -1,
    -2,
    500,
    -1,
    0,
    0
  ],
  [
    -1,
    0,
    -1,
    -3,
    -2,
    0,
    -1,
    450,
    -1,
    950,
    0,
    -1,
    0,
    -1,
    -2,
    -1,
    -2,
    200,
    450,
    0,
    0
  ]
]