[
  [
    800,
    0,
    600,
    900,
    0,
    0,
    0,
    -2,
    0,
    0,
    350,
    1100,
    -2,
    300,
    0,
    0,
    0,
    -1,
    -1,
    0,
    -1
  ],
  [
    0,
    -1,
    -3,
    -2,
    0,
    0,
    -1,
    0,
    -1,
    -2,
    0,
    -2,
    -2,
    0,
    -1,
    0,
    0,
    -1,
    -2,
    -1,
    -2
  ],
  [
    -1,
    450,
    -1,
    -3,
    0,
    -1,
    -1,
    -3,
    -3,
    -2,
    -2,
    -1,
    -3,
    -2,
    -1,
    0,
    0,
    -3,
    100,
    -1,
    0
  ],
  [
    0,
    -1,
    -3,
    750,
    -1,
    0,
    -3,
    -3,
    -1,
    -3,
    -1,
    0,
    -1,
    -3,
    -2,
    -1,
    -3,
    0,
    -1,
    0,
    0
  ],
  [
    0,
    -3,
    350,
    0,
    0,
    0,
    -2,
    -1,
    0,
    -1,
    0,
    -1,
    -3,
    0,
    0,
    0,
    0,
    -1,
    0,
    0,
    -2
  ],
  [
    950,
    0,
    0,
    -3,
    0,
    -3,
    -3,
    -3,
    -1,
    0,
    900,
    -1,
    -3,
    0,
    -1,
    550,
    0,
    0,
    0,
    -2,
    0
  ],
  [
    0,
    -3,
    0,
    0,
    -3,
    0,
    550,
    0,
    -3,
    -1,
    -1,
    -3,
    0,
    600,
    -2,
    0,
    -2,
    -1,
    0,
    0,
    -2
  ],
  [
    0,
    -1,
    -3,
    -2,
    650,
    0,
    200,
    -1,
    0,
    -3,
    -3,
    -3,
    -1,
    -2,
    -2,
    -1,
    -2,
    850,
    -1,
    0,
    0
  ],
  [
    -1,
    0,
    -1,
    -3,
    -2,
    0,
    -1,
    1100,
    -1,
    150,
    0,
    -1,
    0,
    -1,
    -2,
    -1,
    -2,
    0,
    0,
    0,
    0
  ]
]