[
  [
    0,
    -2,
    500,
    -2,
    0,
    -1,
    0,
    0,
    0,
    0,
    -1,
    -2,
    -2,
    -2,
    0,
    0,
    0,
    0,
    0,
    -2,
    0
  ],
  [
    -2,
    -2,
    -2,
    -2,
    -1,
    1000,
    -1,
    -1,
    -1,
    -1,
    -3,
    0,
    -2,
    -2,
    -2,
    -2,
    -3,
    -3,
    100,
    -2,
    -1
  ],
  [
    -2,
    -2,
    0,
    -2,
    0,
    -2,
    450,
    -2,
    -3,
    -3,
    -2,
    0,
    -3,
    -2,
    -2,
    0,
    -3,
    -3,
    0,
    800,
    0
  ],
  [
    1000,
    -3,
    -3,
    -2,
    850,
    0,
    -1,
    850,
    0,
    -3,
    -2,
    0,
    0,
    1150,
    -1,
    0,
    0,
    -1,
    -1,
    -1,
    -2
  ],
  [
    -2,
    750,
    0,
    0,
    -1,
    850,
    -1,
    0,
    0,
    -3,
    -2,
    300,
    -3,
    0,
    0,
    0,
    -1,
    -3,
    -3,
    -2,
    -1
  ],
  [
    -1,
    -3,
    -1,
    -3,
    0,
    -2,
    0,
    700,
    -2,
    -1,
    0,
    -3,
    0,
    -2,
    0,
    -3,
    0,
    -2,
    -3,
    -2,
    0
  ],
  [
    -2,
    -3,
    -1,
    -3,
    -1,
    600,
    -1,
    -3,
    -2,
    -1,
    0,
    -1,
    0,
    -1,
    0,
    -1,
    950,
    -2,
    -3,
    -3,
    -1
  ],
  [
    0,
    -3,
    -1,
    -3,
    0,
    -2,
    -3,
    -3,
    0,
    1150,
    200,
    0,
    -2,
    300,
    -2,
    -3,
    -3,
    -3,
    -3,
    0,
    -1
  ],
  [
    0,
    -3,
    -1,
    -3,
    -1,
    -1,
    -2,
    -2,
    0,
    -1,
    0,
    -2,
    0,
    -2,
    0,
    0,
    -2,
    -3,
    -3,
    0,
    0
  ]
]