[
  [
    350,
    -2,
    700,
    -2,
    0,
    -1,
    0,
    0,
    800,
    0,
    -1,
    -2,
    -2,
    -2,
    750,
    0,
    650,
    0,
    200,
    -2,
    0
  ],
  [
    -2,
    -2,
    -2,
    -2,
    -1,
    0,
    -1,
    -1,
    -1,
    -1,
    -3,
    0,
    -2,
    -2,
    -2,
    -2,
    -3,
    -3,
    700,
    -2,
    -1
  ],
  [
    -2,
    -2,
    0,
    -2,
    250,
    -2,
    0,
    -2,
    -3,
    -3,
    -2,
    0,
    -3,
    -2,
    -2,
    0,
    -3,
    -3,
    0,
    0,
    0
  ],
  [
    0,
    -3,
    -3,
    -2,
    50,
    750,
    -1,
    0,
    0,
    -3,
    -2,
    350,
    0,
    0,
    -1,
    0,
    0,
    -1,
    -1,
    -1,
    -2
  ],
  [
    -2,
    0,
    0,
    0,
    -1,
    0,
    -1,
    50,
    0,
    -3,
    -2,
    0,
    -3,
    0,
    100,
    0,
    -1,
    -3,
    -3,
    -2,
    -1
  ],
  [
    -1,
    -3,
    -1,
    -3,
    0,
    -2,
    800,
    400,
    -2,
    -1,
    600,
    -3,
    600,
    -2,
    0,
    -3,
    0,
    -2,
    -3,
    -2,
    0
  ],
  [
    -2,
    -3,
    -1,
    -3,
    -1,
    0,
    -1,
    -3,
    -2,
    -1,
    950,
    -1,
    1000,
    -1,
    850,
    -1,
    0,
    -2,
    -3,
    -3,
    -1
  ],
  [
    0,
    -3,
    -1,
    -3,
    450,
    -2,
    -3,
    -3,
    0,
    600,
    0,
    450,
    -2,
    0,
    -2,
    -3,
    -3,
    -3,
    -3,
    0,
    -1
  ],
  [
    0,
    -3,
    -1,
    -3,
    -1,
    -1,
    -2,
    -2,
    0,
    -1,
    150,
    -2,
    0,
    -2,
    0,
    0,
    -2,
    -3,
    -3,
    0,
    0
  ]
]