[
  [
    0,
    0,
    300,
    0,
    0,
    0,
    0,
    -2,
    0,
    0,
    0,
    0,
    -2,
    0,
    0,
    0,
    0,
    -1,
    -1,
    650,
    -1
  ],
  [
    0,
    -1,
    -3,
    -2,
    0,
    0,
    -1,
    0,
    -1,
    -2,
    0,
    -2,
    -2,
    0,
    -1,
    150,
    1050,
    -1,
    -2,
    -1,
    -2
  ],
  [
    -1,
    0,
    -1,
    -3,
    0,
    -1,
    -1,
    -3,
    -3,
    -2,
    -2,
    -1,
    -3,
    -2,
    -1,
    0,
    150,
    -3,
    400,
    -1,
    0
  ],
  [
    0,
    -1,
    -3,
    0,
    -1,
    0,
    -3,
    -3,
    -1,
    -3,
    -1,
    0,
    -1,
    -3,
    -2,
    -1,
    -3,
    1150,
    -1,
    0,
    0
  ],
  [
    0,
    -3,
    0,
    550,
    950,
    0,
    -2,
    -1,
    200,
    -1,
    0,
    -1,
    -3,
    0,
    850,
    650,
    0,
    -1,
    0,
    0,
    -2
  ],
  [
    0,
    550,
    0,
    -3,
    0,
    -3,
    -3,
    -3,
    -1,
    400,
    0,
    -1,
    -3,
    0,
    -1,
    0,
    0,
    0,
    0,
    -2,
    0
  ],
  [
    0,
    -3,
    650,
    250,
    -3,
    0,
    1050,
    0,
    -3,
    -1,
    -1,
    -3,
    0,
    0,
    -2,
    0,
    -2,
    -1,
    0,
    900,
    -2
  ],
  [
    100,
    -1,
    -3,
    -2,
    0,
    0,
    0,
    -1,
    700,
    -3,
    -3,
    -3,
    -1,
    -2,
    -2,
    -1,
    -2,
    0,
    -1,
    150,
    0
  ],
  [
    -1,
    0,
    -1,
    -3,
    -2,
    0,
    -1,
    0,
    -1,
    0,
    0,
    -1,
    550,
    -1,
    -2,
    -1,
    -2,
    0,
    0,
    900,
    0
  ]
]