[
  [
    0,
    300,
    400,
    0,
    0,
    0,
    0,
    -2,
    550,
    200,
    950,
    0,
    -2,
    0,
    0,
    0,
    1100,
    -1,
    -1,
    0,
    -1
  ],
  [
    0,
    -1,
    -3,
    -2,
    450,
    0,
    -1,
    0,
    -1,
    -2,
    300,
    -2,
    -2,
    500,
    -1,
    0,
    800,
    -1,
    -2,
    -1,
    -2
  ],
  [
    -1,
    0,
    -1,
    -3,
    0,
    -1,
    -1,
    -3,
    -3,
    -2,
    -2,
    -1,
    -3,
    -2,
    -1,
    0,
    0,
    -3,
    0,
    -1,
    0
  ],
  [
    150,
    -1,
    -3,
    0,
    -1,
    0,
    -3,
    -3,
    -1,
    -3,
    -1,
    0,
    -1,
    -3,
    -2,
    -1,
    -3,
    0,
    -1,
    550,
    0
  ],
  [
    0,
    -3,
    0,
    600,
    0,
    100,
    -2,
    -1,
    0,
    -1,
    0,
    -1,
    -3,
    0,
    0,
    0,
    0,
    -1,
    0,
    0,
    -2
  ],
  [
    0,
    0,
    0,
    -3,
    0,
    -3,
    -3,
    -3,
    -1,
    0,
    0,
    -1,
    -3,
    750,
    -1,
    0,
    0,
    200,
    0,
    -2,
    0
  ],
  [
    0,
    -3,
    0,
    0,
    -3,
    0,
    0,
    0,
    -3,
    -1,
    -1,
    -3,
    0,
    0,
    -2,
    0,
    -2,
    -1,
    0,
    0,
    -2
  ],
  [
    0,
    -1,
    -3,
    -2,
    0,
    0,
    0,
    -1,
    0,
    -3,
    -3,
    -3,
    -1,
    -2,
    -2,
    -1,
    -2,
    0,
    -1,
    750,
    0
  ],
  [
    -1,
    900,
    -1,
    -3,
    -2,
    0,
    -1,
    250,
    -1,
    150,
    0,
    -1,
    600,
    -1,
    -2,
    -1,
    -2,
    0,
    450,
    150,
    500
  ]
]