[
  [
    0,
    0,
    500,
    350,
    0,
    0,
    950,
    -2,
    0,
    0,
    0,
    0,
    -2,
    0,
    0,
    0,
    0,
    -1,
    -1,
    0,
    -1
  ],
  [
    0,
    -1,
    -3,
    -2,
    0,
    0,
    -1,
    0,
    -1,
    -2,
    0,
    -2,
    -2,
    0,
    -1,
    0,
    850,
    -1,
    -2,
    -1,
    -2
  ],
  [
    -1,
    0,
    -1,
    -3,
    350,
    -1,
    -1,
    -3,
    -3,
    -2,
    -2,
    -1,
    -3,
    -2,
    -1,
    0,
    300,
    -3,
    0,
    -1,
    600
  ],
  [
    0,
    -1,
    -3,
    0,
    -1,
    0,
    -3,
    -3,
    -1,
    -3,
    -1,
    0,
    -1,
    -3,
    -2,
    -1,
    -3,
    0,
    -1,
    0,
    950
  ],
  [
    0,
    -3,
    0,
    150,
    0,
    750,
    -2,
    -1,
    600,
    -1,
    0,
    -1,
    -3,
    0,
    400,
    1150,
    0,
    -1,
    0,
    0,
    -2
  ],
  [
    0,
    0,
    0,
    -3,
    0,
    -3,
    -3,
    -3,
    -1,
    0,
    0,
    -1,
    -3,
    1100,
    -1,
    0,
    0,
    350,
    0,
    -2,
    0
  ],
  [
    50,
    -3,
    0,
    0,
    -3,
    0,
    0,
    0,
    -3,
    -1,
    -1,
    -3,
    0,
    0,
    -2,
    0,
    -2,
    -1,
    0,
    0,
    -2
  ],
  [
    0,
    -1,
    -3,
    -2,
    200,
    0,
    0,
    -1,
    0,
    -3,
    -3,
    -3,
    -1,
    -2,
    -2,
    -1,
    -2,
    400,
    -1,
    0,
    0
  ],
  [
    -1,
    0,
    -1,
    -3,
    -2,
    1000,
    -1,
    0,
    -1,
    0,
    0,
    -1,
    700,
    -1,
    -2,
    -1,
    -2,
    0,
    0,
    1000,
    0
  ]
]