[
  [
    0,
    -2,
    0,
    -2,
    750,
    -1,
    0,
    0,
    0,
    400,
    -1,
    -2,
    -2,
    -2,
    0,
    800,
    0,
    1000,
    100,
    -2,
    0
  ],
  [
    -2,
    -2,
    -2,
    -2,
    -1,
    0,
    -1,
    -1,
    -1,
    -1,
    -3,
    1050,
    -2,
    -2,
    -2,
    -2,
    -3,
    -3,
    0,
    -2,
    -1
  ],
  [
    -2,
    -2,
    0,
    -2,
    0,
    -2,
    0,
    -2,
    -3,
    -3,
    -2,
    0,
    -3,
    -2,
    -2,
    0,
    -3,
    -3,
    0,
    0,
    0
  ],
  [
    0,
    -3,
    -3,
    -2,
    0,
    0,
    -1,
    0,
    0,
    -3,
    -2,
    0,
    0,
    0,
    -1,
    300,
    0,
    -1,
    -1,
    -1,
    -2
  ],
  [
    -2,
    250,
    850,
    500,
    -1,
    150,
    -1,
    0,
    0,
    -3,
    -2,
    50,
    -3,
    1000,
    1100,
    150,
    -1,
    -3,
    -3,
    -2,
    -1
  ],
  [
    -1,
    -3,
    -1,
    -3,
    0,
    -2,
    0,
    0,
    -2,
    -1,
    0,
    -3,
    100,
    -2,
    0,
    -3,
    0,
    -2,
    -3,
    -2,
    0
  ],
  [
    -2,
    -3,
    -1,
    -3,
    -1,
    0,
    -1,
    -3,
    -2,
    -1,
    0,
    -1,
    1050,
    -1,
    0,
    -1,
    50,
    -2,
    -3,
    -3,
    -1
  ],
  [
    0,
    -3,
    -1,
    -3,
    0,
    -2,
    -3,
    -3,
    0,
    500,
    500,
    0,
    -2,
    0,
    -2,
    -3,
    -3,
    -3,
    -3,
    0,
    -1
  ],
  [
    0,
    -3,
    -1,
    -3,
    -1,
    -1,
    -2,
    -2,
    800,
    -1,
    0,
    -2,
    0,
    -2,
    1000,
    0,
    -2,
    -3,
    -3,
    0,
    0
  ]
]