[
  [
    0,
    -2,
    1150,
    -2,
    0,
    -1,
    0,
    0,
    0,
    0,
    -1,
    -2,
    -2,
    -2,
    0,
    0,
    0,
    0,
    0,
    -2,
    750
  ],
  [
    -2,
    -2,
    -2,
    -2,
    -1,
    0,
    -1,
    -1,
    -1,
    -1,
    -3,
    0,
    -2,
    -2,
    -2,
    -2,
    -3,
    -3,
    0,
    -2,
    -1
  ],
  [
    -2,
    -2,
    0,
    -2,
    0,
    -2,
    400,
    -2,
    -3,
    -3,
    -2,
    900,
    -3,
    -2,
    -2,
    0,
    -3,
    -3,
    0,
    1050,
    0
  ],
  [
    0,
    -3,
    -3,
    -2,
    0,
    250,
    -1,
    0,
    0,
    -3,
    -2,
    900,
    650,
    0,
    -1,
    0,
    0,
    -1,
    -1,
    -1,
    -2
  ],
  [
    -2,
    0,
    0,
    0,
    -1,
    0,
    -1,
    0,
    0,
    -3,
    -2,
    50,
    -3,
    0,
    500,
    300,
    -1,
    -3,
    -3,
    -2,
    -1
  ],
  [
    -1,
    -3,
    -1,
    -3,
    1150,
    -2,
    0,
    500,
    -2,
    -1,
    0,
    -3,
    0,
    -2,
    0,
    -3,
    0,
    -2,
    -3,
    -2,
    850
  ],
  [
    -2,
    -3,
    -1,
    -3,
    -1,
    0,
    -1,
    -3,
    -2,
    -1,
    0,
    -1,
    300,
    -1,
    150,
    -1,
    0,
    -2,
    -3,
    -3,
    -1
  ],
  [
    0,
    -3,
    -1,
    -3,
    0,
    -2,
    -3,
    -3,
    0,
    0,
    850,
    0,
    -2,
    200,
    -2,
    -3,
    -3,
    -3,
    -3,
    750,
    -1
  ],
  [
    500,
    -3,
    -1,
    -3,
    -1,
    -1,
    -2,
    -2,
    0,
    -1,
    1050,
    -2,
    0,
    -2,
    500,
    0,
    -2,
    -3,
    -3,
    0,
    0
  ]
]