[
  [
    0,
    0,
    0,
    0,
    0,
    0,
    1000,
    -2,
    0,
    0,
    1000,
    0,
    -2,
    200,
    0,
    0,
    100,
    -1,
    -1,
    0,
    -1
  ],
  [
    0,
    -1,
    -3,
    -2,
    0,
    0,
    -1,
    0,
    -1,
    -2,
    0,
    -2,
    -2,
    0,
    -1,
    0,
    1050,
    -1,
    -2,
    -1,
    -2
  ],
  [
    -1,
    850,
    -1,
    -3,
    0,
    -1,
    -1,
    -3,
    -3,
    -2,
    -2,
    -1,
    -3,
    -2,
    -1,
    0,
    0,
    -3,
    0,
    -1,
    0
  ],
  [
    0,
    -1,
    -3,
    200,
    -1,
    0,
    -3,
    -3,
    -1,
    -3,
    -1,
    900,
    -1,
    -3,
    -2,
    -1,
    -3,
    0,
    -1,
    0,
    1000
  ],
  [
    850,
    -3,
    650,
    0,
    200,
    0,
    -2,
    -1,
    500,
    -1,
    0,
    -1,
    -3,
    0,
    900,
    0,
    0,
    -1,
    0,
    100,
    -2
  ],
  [
    250,
    0,
    850,
    -3,
    0,
    -3,
    -3,
    -3,
    -1,
    0,
    0,
    -1,
    -3,
    0,
    -1,
    0,
    250,
    0,
    0,
    -2,
    0
  ],
  [
    0,
    -3,
    0,
    0,
    -3,
    0,
    450,
    1000,
    -3,
    -1,
    -1,
    -3,
    0,
    0,
    -2,
    0,
    -2,
    -1,
    0,
    0,
    -2
  ],
  [
    0,
    -1,
    -3,
    -2,
    0,
    0,
    0,
    -1,
    0,
    -3,
    -3,
    -3,
    -1,
    -2,
    -2,
    -1,
    -2,
    0,
    -1,
    900,
    450
  ],
  [
    -1,
    0,
    -1,
    -3,
    -2,
    0,
    -1,
    100,
    -1,
    0,
    450,
    -1,
    0,
    -1,
    -2,
    -1,
    -2,
    0,
    0,
    50,
    0
  ]
]