[
  [
    0,
    0,
    0,
    0,
    0,
    0,
    750,
    -2,
    0,
    0,
    0,
    1100,
    -2,
    0,
    300,
    0,
    0,
    -1,
    -1,
    0,
    -1
  ],
  [
    0,
    -1,
    -3,
    -2,
    0,
    0,
    -1,
    0,
    -1,
    -2,
    0,
    -2,
    -2,
    0,
    -1,
    0,
    700,
    -1,
    -2,
    -1,
    -2
  ],
  [
    -1,
    0,
    -1,
    -3,
    300,
    -1,
    -1,
    -3,
    -3,
    -2,
    -2,
    -1,
    -3,
    -2,
    -1,
    0,
    0,
    -3,
    0,
    -1,
    100
  ],
  [
    0,
    -1,
    -3,
    0,
    -1,
    0,
    -3,
    -3,
    -1,
    -3,
    -1,
    0,
    -1,
    -3,
    -2,
    -1,
    -3,
    0,
    -1,
    0,
    0
  ],
  [
    0,
    -3,
    0,
    0,
    0,
    550,
    -2,
    -1,
    0,
    -1,
    500,
    -1,
    -3,
    0,
    500,
    1150,
    0,
    -1,
    0,
    0,
    -2
  ],
  [
    0,
    0,
    0,
    -3,
    0,
    -3,
    -3,
    -3,
    -1,
    0,
    0,
    -1,
    -3,
    0,
    -1,
    0,
    1000,
    0,
    100,
    -2,
    0
  ],
  [
    300,
    -3,
    850,
    1050,
    -3,
    0,
    150,
    1050,
    -3,
    -1,
    -1,
    -3,
    0,
    0,
    -2,
    0,
    -2,
    -1,
    0,
    0,
    -2
  ],
  [
    0,
    -1,
    -3,
    -2,
    0,
    0,
    0,
    -1,
    550,
    -3,
    -3,
    -3,
    -1,
    -2,
    -2,
    -1,
    -2,
    0,
    -1,
    0,
    0
  ],
  [
    -1,
    950,
    -1,
    -3,
    -2,
    0,
    -1,
    0,
    -1,
    0,
    0,
    -1,
    0,
    -1,
    -2,
    -1,
    -2,
    0,
    0,
    800,
    0
  ]
]