[
  [
    1100,
    0,
    0,
    0,
    450,
    850,
    0,
    -2,
    850,
    0,
    0,
    0,
    -2,
    0,
    0,
    0,
    800,
    -1,
    -1,
    900,
    -1
  ],
  [
    0,
    -1,
    -3,
    -2,
    0,
    0,
    -1,
    0,
    -1,
    -2,
    500,
    -2,
    -2,
    850,
    -1,
    0,
    750,
    -1,
    -2,
    -1,
    -2
  ],
  [
    -1,
    850,
    -1,
    -3,
    0,
    -1,
    -1,
    -3,
    -3,
    -2,
    -2,
    -1,
    -3,
    -2,
    -1,
    0,
    0,
    -3,
    0,
    -1,
    0
  ],
  [
    0,
    -1,
    -3,
    0,
    -1,
    0,
    -3,
    -3,
    -1,
    -3,
    -1,
    0,
    -1,
    -3,
    -2,
    -1,
    -3,
    0,
    -1,
    0,
    0
  ],
  [
    950,
    -3,
    400,
    0,
    850,
    500,
    -2,
    -1,
    0,
    -1,
    0,
    -1,
    -3,
    700,
    0,
    250,
    450,
    -1,
    0,
    0,
    -2
  ],
  [
    400,
    0,
    0,
    -3,
    1050,
    -3,
    -3,
    -3,
    -1,
    0,
    0,
    -1,
    -3,
    0,
    -1,
    0,
    0,
    0,
    700,
    -2,
    0
  ],
  [
    0,
    -3,
    0,
    0,
    -3,
    0,
    750,
    0,
    -3,
    -1,
    -1,
    -3,
    0,
    0,
    -2,
    0,
    -2,
    -1,
    0,
    0,
    -2
  ],
  [
    0,
    -1,
    -3,
    -2,
    50,
    0,
    0,
    -1,
    0,
    -3,
    -3,
    -3,
    -1,
    -2,
    -2,
    -1,
    -2,
    0,
    -1,
    0,
    0
  ],
  [
    -1,
    600,
    -1,
    -3,
    -2,
    0,
    -1,
    0,
    -1,
    0,
    0,
    -1,
    0,
    -1,
    -2,
    -1,
    -2,
    0,
    0,
    700,
    100
  ]
]