[
  [
    300,
    0,
    0,
    0,
    0,
    0,
    0,
    -2,
    0,
    0,
    0,
    0,
    -2,
    750,
    0,
    0,
    0,
    -1,
    -1,
    0,
    -1
  ],
  [
    0,
    -1,
    -3,
    -2,
    1000,
    0,
    -1,
    0,
    -1,
    -2,
    750,
    -2,
    -2,
    0,
    -1,
    0,
    550,
    -1,
    -2,
    -1,
    -2
  ],
  [
    -1,
    0,
    -1,
    -3,
    0,
    -1,
    -1,
    -3,
    -3,
    -2,
    -2,
    -1,
    -3,
    -2,
    -1,
    0,
    0,
    -3,
    0,
    -1,
    0
  ],
  [
    0,
    -1,
    -3,
    0,
    -1,
    550,
    -3,
    -3,
    -1,
    -3,
    -1,
    300,
    -1,
    -3,
    -2,
    -1,
    -3,
    0,
    -1,
    900,
    0
  ],
  [
    0,
    -3,
    0,
    0,
    0,
    850,
    -2,
    -1,
    0,
    -1,
    900,
    -1,
    -3,
    350,
    0,
    500,
    0,
    -1,
    0,
    500,
    -2
  ],
  [
    300,
    0,
    0,
    -3,
    0,
    -3,
    -3,
    -3,
    -1,
    0,
    0,
    -1,
    -3,
    0,
    -1,
    0,
    500,
    150,
    0,
    -2,
    850
  ],
  [
    300,
    -3,
    300,
    0,
    -3,
    0,
    0,
    0,
    -3,
    -1,
    -1,
    -3,
    0,
    0,
    -2,
    400,
    -2,
    -1,
    1050,
    0,
    -2
  ],
  [
    0,
    -1,
    -3,
    -2,
    0,
    0,
    0,
    -1,
    1000,
    -3,
    -3,
    -3,
    -1,
    -2,
    -2,
    -1,
    -2,
    0,
    -1,
    0,
    0
  ],
  [
    -1,
    0,
    -1,
    -3,
    -2,
    0,
    -1,
    0,
    -1,
    0,
    200,
    -1,
    0,
    -1,
    -2,
    -1,
    -2,
    0,
    700,
    0,
    0
  ]
]