[
  [
    350,
    -2,
    100,
    -2,
    450,
    -1,
    0,
    0,
    0,
    650,
    -1,
    -2,
    -2,
    -2,
    0,
    650,
    0,
    0,
    1150,
    -2,
    0
  ],
  [
    -2,
    -2,
    -2,
    -2,
    -1,
    350,
    -1,
    -1,
    -1,
    -1,
    -3,
    0,
    -2,
    -2,
    -2,
    -2,
    -3,
    -3,
    0,
    -2,
    -1
  ],
  [
    -2,
    -2,
    0,
    -2,
    0,
    -2,
    0,
    -2,
    -3,
    -3,
    -2,
    50,
    -3,
    -2,
    -2,
    400,
    -3,
    -3,
    0,
    0,
    400
  ],
  [
    850,
    -3,
    -3,
    -2,
    0,
    0,
    -1,
    0,
    0,
    -3,
    -2,
    0,
    0,
    0,
    -1,
    750,
    0,
    -1,
    -1,
    -1,
    -2
  ],
  [
    -2,
    0,
    0,
    0,
    -1,
    0,
    -1,
    0,
    0,
    -3,
    -2,
    0,
    -3,
    0,
    600,
    0,
    -1,
    -3,
    -3,
    -2,
    -1
  ],
  [
    -1,
    -3,
    -1,
    -3,
    0,
    -2,
    0,
    0,
    -2,
    -1,
    0,
    -3,
    0,
    -2,
    0,
    -3,
    1100,
    -2,
    -3,
    -2,
    0
  ],
  [
    -2,
    -3,
    -1,
    -3,
    -1,
    0,
    -1,
    -3,
    -2,
    -1,
    400,
    -1,
    700,
    -1,
    0,
    -1,
    0,
    -2,
    -3,
    -3,
    -1
  ],
  [
    0,
    -3,
    -1,
    -3,
    0,
    -2,
    -3,
    -3,
    0,
    0,
    0,
    0,
    -2,
    0,
    -2,
    -3,
    -3,
    -3,
    -3,
    0,
    -1
  ],
  [
    0,
    -3,
    -1,
    -3,
    -1,
    -1,
    -2,
    -2,
    0,
    -1,
    0,
    -2,
    0,
    -2,
    0,
    1100,
    -2,
    -3,
    -3,
    0,
    250
  ]
]