[
  [
    0,
    -2,
    450,
    -2,
    0,
    -1,
    700,
    750,
    350,
    0,
    -1,
    -2,
    -2,
    -2,
    0,
    0,
    0,
    700,
    0,
    -2,
    1000
  ],
  [
    -2,
    -2,
    -2,
    -2,
    -1,
    0,
    -1,
    -1,
    -1,
    -1,
    -3,
    0,
    -2,
    -2,
    -2,
    -2,
    -3,
    -3,
    0,
    -2,
    -1
  ],
  [
    -2,
    -2,
    0,
    -2,
    0,
    -2,
    0,
    -2,
    -3,
    -3,
    -2,
    600,
    -3,
    -2,
    -2,
    550,
    -3,
    -3,
    0,
    700,
    0
  ],
  [
    300,
    -3,
    -3,
    -2,
    0,
    0,
    -1,
    600,
    0,
    -3,
    -2,
    0,
    0,
    0,
    -1,
    100,
    750,
    -1,
    -1,
    -1,
    -2
  ],
  [
    -2,
    0,
    750,
    0,
    -1,
    700,
    -1,
    600,
    0,
    -3,
    -2,
    0,
    -3,
    1150,
    0,
    0,
    -1,
    -3,
    -3,
    -2,
    -1
  ],
  [
    -1,
    -3,
    -1,
    -3,
    0,
    -2,
    0,
    0,
    -2,
    -1,
    0,
    -3,
    100,
    -2,
    0,
    -3,
    0,
    -2,
    -3,
    -2,
    0
  ],
  [
    -2,
    -3,
    -1,
    -3,
    -1,
    0,
    -1,
    -3,
    -2,
    -1,
    0,
    -1,
    0,
    -1,
    300,
    -1,
    0,
    -2,
    -3,
    -3,
    -1
  ],
  [
    0,
    -3,
    -1,
    -3,
    950,
    -2,
    -3,
    -3,
    0,
    0,
    0,
    0,
    -2,
    0,
    -2,
    -3,
    -3,
    -3,
    -3,
    800,
    -1
  ],
  [
    0,
    -3,
    -1,
    -3,
    -1,
    -1,
    -2,
    -2,
    250,
    -1,
    100,
    -2,
    0,
    -2,
    0,
    0,
    -2,
    -3,
    -3,
    0,
    0
  ]
]