[
  [
    0,
    0,
    0,
    0,
    0,
    0,
    300,
    -2,
    0,
    0,
    0,
    1100,
    -2,
    0,
    100,
    300,
    200,
    -1,
    -1,
    0,
    -1
  ],
  [
    0,
    -1,
    -3,
    -2,
    0,
    0,
    -1,
    0,
    -1,
    -2,
    0,
    -2,
    -2,
    0,
    -1,
    0,
    0,
    -1,
    -2,
    -1,
    -2
  ],
  [
    -1,
    300,
    -1,
    -3,
    750,
    -1,
    -1,
    -3,
    -3,
    -2,
    -2,
    -1,
    -3,
    -2,
    -1,
    0,
    0,
    -3,
    0,
    -1,
    0
  ],
  [
    0,
    -1,
    -3,
    350,
    -1,
    0,
    -3,
    -3,
    -1,
    -3,
    -1,
    0,
    -1,
    -3,
    -2,
    -1,
    -3,
    0,
    -1,
    0,
    0
  ],
  [
    0,
    -3,
    0,
    0,
    0,
    0,
    -2,
    -1,
    0,
    -1,
    0,
    -1,
    -3,
    950,
    0,
    0,
    0,
    -1,
    0,
    0,
    -2
  ],
  [
    0,
    500,
    100,
    -3,
    600,
    -3,
    -3,
    -3,
    -1,
    0,
    0,
    -1,
    -3,
    0,
    -1,
    0,
    450,
    0,
    350,
    -2,
    0
  ],
  [
    0,
    -3,
    0,
    0,
    -3,
    1150,
    0,
    0,
    -3,
    -1,
    -1,
    -3,
    200,
    900,
    -2,
    0,
    -2,
    -1,
    50,
    0,
    -2
  ],
  [
    0,
    -1,
    -3,
    -2,
    400,
    450,
    0,
    -1,
    0,
    -3,
    -3,
    -3,
    -1,
    -2,
    -2,
    -1,
    -2,
    0,
    -1,
    200,
    0
  ],
  [
    -1,
    0,
    -1,
    -3,
    -2,
    0,
    -1,
    0,
    -1,
    0,
    0,
    -1,
    0,
    -1,
    -2,
    -1,
    -2,
    0,
    0,
    1100,
    250
  ]
]