[
  [
    0,
    0,
    0,
    0,
    600,
    0,
    700,
    -2,
    0,
    0,
    0,
    0,
    -2,
    0,
    0,
    0,
    0,
    -1,
    -1,
    0,
    -1
  ],
  [
    0,
    -1,
    -3,
    -2,
    0,
    850,
    -1,
    0,
    -1,
    -2,
    600,
    -2,
    -2,
    0,
    -1,
    0,
    0,
    -1,
    -2,
    -1,
    -2
  ],
  [
    -1,
    0,
    -1,
    -3,
    0,
    -1,
    -1,
    -3,
    -3,
    -2,
    -2,
    -1,
    -3,
    -2,
    -1,
    0,
    0,
    -3,
    0,
    -1,
    0
  ],
  [
    0,
    -1,
    -3,
    0,
    -1,
    0,
    -3,
    -3,
    -1,
    -3,
    -1,
    0,
    -1,
    -3,
    -2,
    -1,
    -3,
    0,
    -1,
    0,
    0
  ],
  [
    0,
    -3,
    950,
    450,
    800,
    0,
    -2,
    -1,
    0,
    -1,
    0,
    -1,
    -3,
    0,
    0,
    0,
    50,
    -1,
    0,
    0,
    -2
  ],
  [
    0,
    850,
    0,
    -3,
    450,
    -3,
    -3,
    -3,
    -1,
    0,
    0,
    -1,
    -3,
    0,
    -1,
    0,
    0,
    0,
    0,
    -2,
    0
  ],
  [
    0,
    -3,
    0,
    250,
    -3,
    1100,
    0,
    0,
    -3,
    -1,
    -1,
    -3,
    400,
    0,
    -2,
    400,
    -2,
    -1,
    0,
    900,
    -2
  ],
  [
    0,
    -1,
    -3,
    -2,
    0,
    0,
    0,
    -1,
    0,
    -3,
    -3,
    -3,
    -1,
    -2,
    -2,
    -1,
    -2,
    400,
    -1,
    0,
    50
  ],
  [
    -1,
    50,
    -1,
    -3,
    -2,
    0,
    -1,
    0,
    -1,
    0,
    800,
    -1,
    250,
    -1,
    -2,
    -1,
    -2,
    0,
    0,
    0,
    0
  ]
]