[
  [
    0,
    0,
    0,
    0,
    0,
    450,
    0,
    -2,
    0,
    0,
    0,
    0,
    -2,
    0,
    0,
    0,
    750,
    -1,
    -1,
    850,
    -1
  ],
  [
    400,
    -1,
    -3,
    -2,
    0,
    1050,
    -1,
    0,
    -1,
    -2,
    0,
    -2,
    -2,
    0,
    -1,
    1050,
    0,
    -1,
    -2,
    -1,
    -2
  ],
  [
    -1,
    0,
    -1,
    -3,
    0,
    -1,
    -1,
    -3,
    -3,
    -2,
    -2,
    -1,
    -3,
    -2,
    -1,
    0,
    0,
    -3,
    0,
    -1,
    0
  ],
  [
    0,
    -1,
    -3,
    0,
    -1,
    0,
    -3,
    -3,
    -1,
    -3,
    -1,
    0,
    -1,
    -3,
    -2,
    -1,
    -3,
    0,
    -1,
    0,
    0
  ],
  [
    0,
    -3,
    0,
    0,
    700,
    0,
    -2,
    -1,
    0,
    -1,
    0,
    -1,
    -3,
    500,
    0,
    0,
    750,
    -1,
    0,
    1150,
    -2
  ],
  [
    750,
    0,
    0,
    -3,
    650,
    -3,
    -3,
    -3,
    -1,
    0,
    550,
    -1,
    -3,
    0,
    -1,
    650,
    0,
    1100,
    0,
    -2,
    0
  ],
  [
    1000,
    -3,
    700,
    0,
    -3,
    0,
    0,
    0,
    -3,
    -1,
    -1,
    -3,
    0,
    0,
    -2,
    0,
    -2,
    -1,
    0,
    0,
    -2
  ],
  [
    0,
    -1,
    -3,
    -2,
    0,
    0,
    0,
    -1,
    0,
    -3,
    -3,
    -3,
    -1,
    -2,
    -2,
    -1,
    -2,
    0,
    -1,
    0,
    0
  ],
  [
    -1,
    0,
    -1,
    -3,
    -2,
    0,
    -1,
    0,
    -1,
    0,
    0,
    -1,
    150,
    -1,
    -2,
    -1,
    -2,
    0,
    0,
    0,
    0
  ]
]