[
  [
    0,
    0,
    0,
    0,
    0,
    650,
    0,
    -2,
    950,
    0,
    0,
    0,
    -2,
    200,
    0,
    0,
    1100,
    -1,
    -1,
    0,
    -1
  ],
  [
    0,
    -1,
    -3,
    -2,
    450,
    0,
    -1,
    0,
    -1,
    -2,
    350,
    -2,
    -2,
    0,
    -1,
    0,
    0,
    -1,
    -2,
    -1,
    -2
  ],
  [
    -1,
    0,
    -1,
    -3,
    0,
    -1,
    -1,
    -3,
    -3,
    -2,
    -2,
    -1,
    -3,
    -2,
    -1,
    0,
    0,
    -3,
    0,
    -1,
    450
  ],
  [
    1000,
    -1,
    -3,
    0,
    -1,
    0,
    -3,
    -3,
    -1,
    -3,
    -1,
    0,
    -1,
    -3,
    -2,
    -1,
    -3,
    0,
    -1,
    400,
    0
  ],
  [
    0,
    -3,
    0,
    0,
    0,
    0,
    -2,
    -1,
    550,
    -1,
    0,
    -1,
    -3,
    750,
    0,
    1150,
    0,
    -1,
    0,
    0,
    -2
  ],
  [
    0,
    0,
    0,
    -3,
    550,
    -3,
    -3,
    -3,
    -1,
    500,
    500,
    -1,
    -3,
    0,
    -1,
    0,
    0,
    1150,
    0,
    -2,
    0
  ],
  [
    0,
    -3,
    500,
    600,
    -3,
    850,
    0,
    900,
    -3,
    -1,
    -1,
    -3,
    0,
    0,
    -2,
    0,
    -2,
    -1,
    0,
    0,
    -2
  ],
  [
    0,
    -1,
    -3,
    -2,
    0,
    0,
    0,
    -1,
    0,
    -3,
    -3,
    -3,
    -1,
    -2,
    -2,
    -1,
    -2,
    0,
    -1,
    0,
    650
  ],
  [
    -1,
    0,
    -1,
    -3,
    -2,
    0,
    -1,
    0,
    -1,
    0,
    200,
    -1,
    0,
    -1,
    -2,
    -1,
    -2,
    0,
    0,
    0,
    0
  ]
]