[
  [
    0,
    -2,
    0,
    -2,
    0,
    -1,
    0,
    0,
    0,
    0,
    -1,
    -2,
    -2,
    -2,
    300,
    300,
    0,
    0,
    0,
    -2,
    0
  ],
  [
    -2,
    -2,
    -2,
    -2,
    -1,
    0,
    -1,
    -1,
    -1,
    -1,
    -3,
    950,
    -2,
    -2,
    -2,
    -2,
    -3,
    -3,
    0,
    -2,
    -1
  ],
  [
    -2,
    -2,
    0,
    -2,
    0,
    -2,
    300,
    -2,
    -3,
    -3,
    -2,
    350,
    -3,
    -2,
    -2,
    50,
    -3,
    -3,
    0,
    0,
    0
  ],
  [
    0,
    -3,
    -3,
    -2,
    0,
    0,
    -1,
    0,
    0,
    -3,
    -2,
    0,
    0,
    0,
    -1,
    0,
    0,
    -1,
    -1,
    -1,
    -2
  ],
  [
    -2,
    1000,
    0,
    0,
    -1,
    1150,
    -1,
    750,
    850,
    -3,
    -2,
    0,
    -3,
    0,
    0,
    200,
    -1,
    -3,
    -3,
    -2,
    -1
  ],
  [
    -1,
    -3,
    -1,
    -3,
    0,
    -2,
    0,
    0,
    -2,
    -1,
    0,
    -3,
    1050,
    -2,
    0,
    -3,
    0,
    -2,
    -3,
    -2,
    0
  ],
  [
    -2,
    -3,
    -1,
    -3,
    -1,
    0,
    -1,
    -3,
    -2,
    -1,
    0,
    -1,
    0,
    -1,
    500,
    -1,
    0,
    -2,
    -3,
    -3,
    -1
  ],
  [
    0,
    -3,
    -1,
    -3,
    250,
    -2,
    -3,
    -3,
    0,
    0,
    0,
    0,
    -2,
    600,
    -2,
    -3,
    -3,
    -3,
    -3,
    500,
    -1
  ],
  [
    0,
    -3,
    -1,
    -3,
    -1,
    -1,
    -2,
    -2,
    700,
    -1,
    1050,
    -2,
    0,
    -2,
    0,
    0,
    -2,
    -3,
    -3,
    0,
    0
  ]
]