[
  [
    100,
    0,
    0,
    0,
    400,
    250,
    1150,
    -2,
    0,
    0,
    0,
    0,
    -2,
    0,
    0,
    0,
    500,
    -1,
    -1,
    0,
    -1
  ],
  [
    0,
    -1,
    -3,
    -2,
    0,
    0,
    -1,
    900,
    -1,
    -2,
    0,
    -2,
    -2,
    200,
    -1,
    600,
    0,
    -1,
    -2,
    -1,
    -2
  ],
  [
    -1,
    700,
    -1,
    -3,
    0,
    -1,
    -1,
    -3,
    -3,
    -2,
    -2,
    -1,
    -3,
    -2,
    -1,
    0,
    200,
    -3,
    0,
    -1,
    0
  ],
  [
    0,
    -1,
    -3,
    0,
    -1,
    0,
    -3,
    -3,
    -1,
    -3,
    -1,
    950,
    -1,
    -3,
    -2,
    -1,
    -3,
    0,
    -1,
    0,
    200
  ],
  [
    0,
    -3,
    0,
    0,
    0,
    0,
    -2,
    -1,
    800,
    -1,
    0,
    -1,
    -3,
    0,
    450,
    0,
    0,
    -1,
    1000,
    0,
    -2
  ],
  [
    0,
    850,
    0,
    -3,
    550,
    -3,
    -3,
    -3,
    -1,
    0,
    950,
    -1,
    -3,
    0,
    -1,
    0,
    0,
    1000,
    1150,
    -2,
    0
  ],
  [
    0,
    -3,
    0,
    0,
    -3,
    0,
    0,
    0,
    -3,
    -1,
    -1,
    -3,
    50,
    0,
    -2,
    0,
    -2,
    -1,
    0,
    0,
    -2
  ],
  [
    500,
    -1,
    -3,
    -2,
    0,
    0,
    0,
    -1,
    0,
    -3,
    -3,
    -3,
    -1,
    -2,
    -2,
    -1,
    -2,
    0,
    -1,
    850,
    0
  ],
  [
    -1,
    0,
    -1,
    -3,
    -2,
    0,
    -1,
    0,
    -1,
    450,
    0,
    -1,
    0,
    -1,
    -2,
    -1,
    -2,
    0,
    0,
    0,
    0
  ]
]