[
  [
    300,
    450,
    0,
    0,
    900,
    0,
    0,
    -2,
    0,
    0,
    0,
    500,
    -2,
    0,
    250,
    0,
    0,
    -1,
    -1,
    0,
    -1
  ],
  [
    300,
    -1,
    -3,
    -2,
    0,
    0,
    -1,
    0,
    -1,
    -2,
    0,
    -2,
    -2,
    400,
    -1,
    0,
    0,
    -1,
    -2,
    -1,
    -2
  ],
  [
    -1,
    0,
    -1,
    -3,
    0,
    -1,
    -1,
    -3,
    -3,
    -2,
    -2,
    -1,
    -3,
    -2,
    -1,
    0,
    0,
    -3,
    0,
    -1,
    0
  ],
  [
    0,
    -1,
    -3,
    0,
    -1,
    0,
    -3,
    -3,
    -1,
    -3,
    -1,
    0,
    -1,
    -3,
    -2,
    -1,
    -3,
    0,
    -1,
    0,
    0
  ],
  [
    1150,
    -3,
    850,
    0,
    0,
    0,
    -2,
    -1,
    0,
    -1,
    0,
    -1,
    -3,
    0,
    0,
    0,
    0,
    -1,
    0,
    0,
    -2
  ],
  [
    0,
    1000,
    0,
    -3,
    0,
    -3,
    -3,
    -3,
    -1,
    850,
    0,
    -1,
    -3,
    0,
    -1,
    450,
    0,
    0,
    0,
    -2,
    1100
  ],
  [
    0,
    -3,
    0,
    0,
    -3,
    0,
    0,
    0,
    -3,
    -1,
    -1,
    -3,
    0,
    150,
    -2,
    0,
    -2,
    -1,
    0,
    900,
    -2
  ],
  [
    0,
    -1,
    -3,
    -2,
    0,
    0,
    150,
    -1,
    0,
    -3,
    -3,
    -3,
    -1,
    -2,
    -2,
    -1,
    -2,
    0,
    -1,
    0,
    0
  ],
  [
    -1,
    0,
    -1,
    -3,
    -2,
    200,
    -1,
    200,
    -1,
    0,
    0,
    -1,
    0,
    -1,
    -2,
    -1,
    -2,
    250,
    0,
    0,
    0
  ]
]