[
  [
    0,
    350,
    0,
    0,
    0,
    100,
    0,
    -2,
    0,
    0,
    900,
    0,
    -2,
    0,
    0,
    0,
    750,
    -1,
    -1,
    0,
    -1
  ],
  [
    0,
    -1,
    -3,
    -2,
    950,
    300,
    -1,
    0,
    -1,
    -2,
    0,
    -2,
    -2,
    750,
    -1,
    0,
    0,
    -1,
    -2,
    -1,
    -2
  ],
  [
    -1,
    200,
    -1,
    -3,
    50,
    -1,
    -1,
    -3,
    -3,
    -2,
    -2,
    -1,
    -3,
    -2,
    -1,
    0,
    0,
    -3,
    0,
    -1,
    1000
  ],
  [
    0,
    -1,
    -3,
    0,
    -1,
    0,
    -3,
    -3,
    -1,
    -3,
    -1,
    0,
    -1,
    -3,
    -2,
    -1,
    -3,
    0,
    -1,
    0,
    0
  ],
  [
    300,
    -3,
    0,
    0,
    550,
    0,
    -2,
    -1,
    0,
    -1,
    0,
    -1,
    -3,
    700,
    0,
    0,
    800,
    -1,
    0,
    350,
    -2
  ],
  [
    0,
    0,
    0,
    -3,
    0,
    -3,
    -3,
    -3,
    -1,
    0,
    400,
    -1,
    -3,
    0,
    -1,
    0,
    1150,
    0,
    0,
    -2,
    1150
  ],
  [
    0,
    -3,
    0,
    0,
    -3,
    0,
    0,
    0,
    -3,
    -1,
    -1,
    -3,
    0,
    0,
    -2,
    0,
    -2,
    -1,
    300,
    0,
    -2
  ],
  [
    0,
    -1,
    -3,
    -2,
    0,
    0,
    0,
    -1,
    0,
    -3,
    -3,
    -3,
    -1,
    -2,
    -2,
    -1,
    -2,
    0,
    -1,
    0,
    0
  ],
  [
    -1,
    0,
    -1,
    -3,
    -2,
    0,
    -1,
    0,
    -1,
    1150,
    0,
    -1,
    550,
    -1,
    -2,
    -1,
    -2,
    0,
    0,
    0,
    0
  ]
]