[
  [
    850,
    0,
    0,
    0,
    0,
    750,
    900,
    -2,
    0,
    0,
    0,
    0,
    -2,
    0,
    0,
    0,
    0,
    -1,
    -1,
    0,
    -1
  ],
  [
    0,
    -1,
    -3,
    -2,
    950,
    0,
    -1,
    0,
    -1,
    -2,
    0,
    -2,
    -2,
    0,
    -1,
    0,
    0,
    -1,
    -2,
    -1,
    -2
  ],
  [
    -1,
    0,
    -1,
    -3,
    650,
    -1,
    -1,
    -3,
    -3,
    -2,
    -2,
    -1,
    -3,
    -2,
    -1,
    900,
    0,
    -3,
    50,
    -1,
    0
  ],
  [
    0,
    -1,
    -3,
    0,
    -1,
    0,
    -3,
    -3,
    -1,
    -3,
    -1,
    0,
    -1,
    -3,
    -2,
    -1,
    -3,
    0,
    -1,
    0,
    0
  ],
  [
    0,
    -3,
    0,
    0,
    400,
    0,
    -2,
    -1,
    0,
    -1,
    0,
    -1,
    -3,
    0,
    0,
    0,
    0,
    -1,
    650,
    0,
    -2
  ],
  [
    0,
    0,
    600,
    -3,
    0,
    -3,
    -3,
    -3,
    -1,
    700,
    0,
    -1,
    -3,
    0,
    -1,
    0,
    0,
    200,
    0,
    -2,
    0
  ],
  [
    0,
    -3,
    0,
    0,
    -3,
    0,
    0,
    0,
    -3,
    -1,
    -1,
    -3,
    300,
    0,
    -2,
    0,
    -2,
    -1,
    0,
    0,
    -2
  ],
  [
    0,
    -1,
    -3,
    -2,
    0,
    1150,
    0,
    -1,
    0,
    -3,
    -3,
    -3,
    -1,
    -2,
    -2,
    -1,
    -2,
    0,
    -1,
    0,
    350
  ],
  [
    -1,
    0,
    -1,
    -3,
    -2,
    0,
    -1,
    1150,
    -1,
    0,
    0,
    -1,
    0,
    -1,
    -2,
    -1,
    -2,
    0,
    0,
    700,
    850
  ]
]