[
  [
    300,
    0,
    0,
    0,
    500,
    400,
    350,
    -2,
    350,
    300,
    0,
    0,
    -2,
    0,
    0,
    0,
    200,
    -1,
    -1,
    0,
    -1
  ],
  [
    0,
    -1,
    -3,
    -2,
    0,
    0,
    -1,
    750,
    -1,
    -2,
    0,
    -2,
    -2,
    0,
    -1,
    0,
    0,
    -1,
    -2,
    -1,
    -2
  ],
  [
    -1,
    0,
    -1,
    -3,
    0,
    -1,
    -1,
    -3,
    -3,
    -2,
    -2,
    -1,
    -3,
    -2,
    -1,
    0,
    0,
    -3,
    0,
    -1,
    0
  ],
  [
    0,
    -1,
    -3,
    0,
    -1,
    0,
    -3,
    -3,
    -1,
    -3,
    -1,
    1100,
    -1,
    -3,
    -2,
    -1,
    -3,
    400,
    -1,
    0,
    500
  ],
  [
    0,
    -3,
    0,
    0,
    500,
    0,
    -2,
    -1,
    0,
    -1,
    0,
    -1,
    -3,
    0,
    500,
    0,
    0,
    -1,
    0,
    0,
    -2
  ],
  [
    0,
    0,
    0,
    -3,
    0,
    -3,
    -3,
    -3,
    -1,
    750,
    0,
    -1,
    -3,
    0,
    -1,
    0,
    0,
    0,
    0,
    -2,
    0
  ],
  [
    800,
    -3,
    1050,
    0,
    -3,
    0,
    0,
    0,
    -3,
    -1,
    -1,
    -3,
    0,
    0,
    -2,
    1100,
    -2,
    -1,
    0,
    0,
    -2
  ],
  [
    0,
    -1,
    -3,
    -2,
    0,
    0,
    0,
    -1,
    0,
    -3,
    -3,
    -3,
    -1,
    -2,
    -2,
    -1,
    -2,
    0,
    -1,
    0,
    0
  ],
  [
    -1,
    0,
    -1,
    -3,
    -2,
    0,
    -1,
    0,
    -1,
    0,
    0,
    -1,
    800,
    -1,
    -2,
    -1,
    -2,
    0,
    0,
    0,
    0
  ]
]