[
  [
    100,
    0,
    0,
    0,
    0,
    0,
    0,
    -2,
    0,
    0,
    0,
    0,
    -2,
    900,
    0,
    0,
    0,
    -1,
    -1,
    0,
    -1
  ],
  [
    0,
    -1,
    -3,
    -2,
    0,
    0,
    -1,
    0,
    -1,
    -2,
    0,
    -2,
    -2,
    0,
    -1,
    600,
    0,
    -1,
    -2,
    -1,
    -2
  ],
  [
    -1,
    1150,
    -1,
    -3,
    0,
    -1,
    -1,
    -3,
    -3,
    -2,
    -2,
    -1,
    -3,
    -2,
    -1,
    0,
    100,
    -3,
    400,
    -1,
    200
  ],
  [
    250,
    -1,
    -3,
    0,
    -1,
    0,
    -3,
    -3,
    -1,
    -3,
    -1,
    0,
    -1,
    -3,
    -2,
    -1,
    -3,
    0,
    -1,
    0,
    0
  ],
  [
    0,
    -3,
    0,
    0,
    0,
    0,
    -2,
    -1,
    0,
    -1,
    750,
    -1,
    -3,
    0,
    0,
    600,
    0,
    -1,
    0,
    0,
    -2
  ],
  [
    0,
    0,
    0,
    -3,
    0,
    -3,
    -3,
    -3,
    -1,
    0,
    0,
    -1,
    -3,
    150,
    -1,
    0,
    0,
    0,
    550,
    -2,
    0
  ],
  [
    0,
    -3,
    0,
    1000,
    -3,
    0,
    550,
    0,
    -3,
    -1,
    -1,
    -3,
    0,
    100,
    -2,
    50,
    -2,
    -1,
    0,
    500,
    -2
  ],
  [
    0,
    -1,
    -3,
    -2,
    0,
    1000,
    1050,
    -1,
    0,
    -3,
    -3,
    -3,
    -1,
    -2,
    -2,
    -1,
    -2,
    0,
    -1,
    0,
    400
  ],
  [
    -1,
    0,
    -1,
    -3,
    -2,
    800,
    -1,
    650,
    -1,
    1150,
    0,
    -1,
    0,
    -1,
    -2,
    -1,
    -2,
    0,
    750,
    0,
    0
  ]
]