[
  [
    900,
    0,
    0,
    1150,
    0,
    0,
    0,
    -2,
    0,
    0,
    250,
    0,
    -2,
    0,
    0,
    0,
    0,
    -1,
    -1,
    1100,
    -1
  ],
  [
    0,
    -1,
    -3,
    -2,
    0,
    0,
    -1,
    1050,
    -1,
    -2,
    0,
    -2,
    -2,
    100,
    -1,
    0,
    0,
    -1,
    -2,
    -1,
    -2
  ],
  [
    -1,
    0,
    -1,
    -3,
    0,
    -1,
    -1,
    -3,
    -3,
    -2,
    -2,
    -1,
    -3,
    -2,
    -1,
    0,
    0,
    -3,
    50,
    -1,
    0
  ],
  [
    0,
    -1,
    -3,
    0,
    -1,
    0,
    -3,
    -3,
    -1,
    -3,
    -1,
    0,
    -1,
    -3,
    -2,
    -1,
    -3,
    0,
    -1,
    0,
    0
  ],
  [
    1050,
    -3,
    0,
    0,
    0,
    0,
    -2,
    -1,
    650,
    -1,
    0,
    -1,
    -3,
    450,
    0,
    0,
    0,
    -1,
    550,
    0,
    -2
  ],
  [
    0,
    0,
    0,
    -3,
    0,
    -3,
    -3,
    -3,
    -1,
    0,
    0,
    -1,
    -3,
    0,
    -1,
    150,
    0,
    0,
    0,
    -2,
    1000
  ],
  [
    0,
    -3,
    0,
    300,
    -3,
    50,
    0,
    0,
    -3,
    -1,
    -1,
    -3,
    0,
    0,
    -2,
    0,
    -2,
    -1,
    850,
    400,
    -2
  ],
  [
    0,
    -1,
    -3,
    -2,
    1050,
    0,
    1000,
    -1,
    0,
    -3,
    -3,
    -3,
    -1,
    -2,
    -2,
    -1,
    -2,
    0,
    -1,
    50,
    0
  ],
  [
    -1,
    0,
    -1,
    -3,
    -2,
    0,
    -1,
    0,
    -1,
    1150,
    0,
    -1,
    650,
    -1,
    -2,
    -1,
    -2,
    1050,
    0,
    0,
    350
  ]
]