[
  [
    0,
    250,
    0,
    500,
    0,
    0,
    0,
    -2,
    0,
    0,
    700,
    0,
    -2,
    500,
    0,
    0,
    0,
    -1,
    -1,
    0,
    -1
  ],
  [
    0,
    -1,
    -3,
    -2,
    850,
    1100,
    -1,
    550,
    -1,
    -2,
    0,
    -2,
    -2,
    1100,
    -1,
    0,
    0,
    -1,
    -2,
    -1,
    -2
  ],
  [
    -1,
    0,
    -1,
    -3,
    1100,
    -1,
    -1,
    -3,
    -3,
    -2,
    -2,
    -1,
    -3,
    -2,
    -1,
    0,
    0,
    -3,
    0,
    -1,
    1100
  ],
  [
    0,
    -1,
    -3,
    0,
    -1,
    950,
    -3,
    -3,
    -1,
    -3,
    -1,
    0,
    -1,
    -3,
    -2,
    -1,
    -3,
    0,
    -1,
    0,
    0
  ],
  [
    0,
    -3,
    0,
    0,
    0,
    0,
    -2,
    -1,
    0,
    -1,
    150,
    -1,
    -3,
    0,
    450,
    0,
    150,
    -1,
    0,
    0,
    -2
  ],
  [
    0,
    0,
    0,
    -3,
    0,
    -3,
    -3,
    -3,
    -1,
    0,
    0,
    -1,
    -3,
    0,
    -1,
    0,
    550,
    0,
    0,
    -2,
    0
  ],
  [
    0,
    -3,
    0,
    0,
    -3,
    400,
    900,
    0,
    -3,
    -1,
    -1,
    -3,
    0,
    0,
    -2,
    0,
    -2,
    -1,
    0,
    550,
    -2
  ],
  [
    0,
    -1,
    -3,
    -2,
    0,
    0,
    350,
    -1,
    350,
    -3,
    -3,
    -3,
    -1,
    -2,
    -2,
    -1,
    -2,
    0,
    -1,
    0,
    0
  ],
  [
    -1,
    0,
    -1,
    -3,
    -2,
    950,
    -1,
    0,
    -1,
    850,
    1150,
    -1,
    0,
    -1,
    -2,
    -1,
    -2,
    1150,
    0,
    1050,
    0
  ]
]