[
  [
    0,
    0,
    900,
    700,
    850,
    0,
    0,
    -2,
    850,
    150,
    0,
    0,
    -2,
    0,
    0,
    0,
    0,
    -1,
    -1,
    1150,
    -1
  ],
  [
    0,
    -1,
    -3,
    -2,
    0,
    0,
    -1,
    0,
    -1,
    -2,
    0,
    -2,
    -2,
    600,
    -1,
    0,
    200,
    -1,
    -2,
    -1,
    -2
  ],
  [
    -1,
    0,
    -1,
    -3,
    0,
    -1,
    -1,
    -3,
    -3,
    -2,
    -2,
    -1,
    -3,
    -2,
    -1,
    0,
    0,
    -3,
    0,
    -1,
    0
  ],
  [
    0,
    -1,
    -3,
    0,
    -1,
    900,
    -3,
    -3,
    -1,
    -3,
    -1,
    350,
    -1,
    -3,
    -2,
    -1,
    -3,
    1050,
    -1,
    0,
    0
  ],
  [
    600,
    -3,
    1100,
    0,
    0,
    0,
    -2,
    -1,
    0,
    -1,
    0,
    -1,
    -3,
    0,
    0,
    0,
    0,
    -1,
    0,
    0,
    -2
  ],
  [
    0,
    150,
    0,
    -3,
    0,
    -3,
    -3,
    -3,
    -1,
    0,
    1000,
    -1,
    -3,
    0,
    -1,
    0,
    0,
    650,
    750,
    -2,
    0
  ],
  [
    1000,
    -3,
    0,
    0,
    -3,
    0,
    0,
    0,
    -3,
    -1,
    -1,
    -3,
    0,
    0,
    -2,
    0,
    -2,
    -1,
    0,
    0,
    -2
  ],
  [
    0,
    -1,
    -3,
    -2,
    1100,
    0,
    1000,
    -1,
    0,
    -3,
    -3,
    -3,
    -1,
    -2,
    -2,
    -1,
    -2,
    0,
    -1,
    600,
    0
  ],
  [
    -1,
    0,
    -1,
    -3,
    -2,
    800,
    -1,
    0,
    -1,
    0,
    0,
    -1,
    0,
    -1,
    -2,
    -1,
    -2,
    550,
    0,
    0,
    0
  ]
]