[
  [
    800,
    100,
    0,
    0,
    550,
    0,
    0,
    -2,
    0,
    0,
    0,
    0,
    -2,
    0,
    350,
    0,
    0,
    -1,
    -1,
    0,
    -1
  ],
  [
    0,
    -1,
    -3,
    -2,
    0,
    0,
    -1,
    550,
    -1,
    -2,
    250,
    -2,
    -2,
    0,
    -1,
    0,
    0,
    -1,
    -2,
    -1,
    -2
  ],
  [
    -1,
    0,
    -1,
    -3,
    0,
    -1,
    -1,
    -3,
    -3,
    -2,
    -2,
    -1,
    -3,
    -2,
    -1,
    800,
    150,
    -3,
    200,
    -1,
    1150
  ],
  [
    0,
    -1,
    -3,
    0,
    -1,
    0,
    -3,
    -3,
    -1,
    -3,
    -1,
    0,
    -1,
    -3,
    -2,
    -1,
    -3,
    0,
    -1,
    0,
    0
  ],
  [
    900,
    -3,
    0,
    600,
    350,
    600,
    -2,
    -1,
    0,
    -1,
    0,
    -1,
    -3,
    0,
    0,
    0,
    250,
    -1,
    950,
    0,
    -2
  ],
  [
    0,
    0,
    150,
    -3,
    550,
    -3,
    -3,
    -3,
    -1,
    0,
    0,
    -1,
    -3,
    0,
    -1,
    0,
    0,
    650,
    0,
    -2,
    0
  ],
  [
    0,
    -3,
    0,
    50,
    -3,
    0,
    0,
    0,
    -3,
    -1,
    -1,
    -3,
    0,
    0,
    -2,
    0,
    -2,
    -1,
    0,
    750,
    -2
  ],
  [
    1100,
    -1,
    -3,
    -2,
    0,
    0,
    0,
    -1,
    0,
    -3,
    -3,
    -3,
    -1,
    -2,
    -2,
    -1,
    -2,
    0,
    -1,
    0,
    0
  ],
  [
    -1,
    1050,
    -1,
    -3,
    -2,
    750,
    -1,
    700,
    -1,
    0,
    0,
    -1,
    0,
    -1,
    -2,
    -1,
    -2,
    0,
    0,
    0,
    0
  ]
]