[
  [
    0,
    -2,
    0,
    -2,
    0,
    -1,
    0,
    0,
    0,
    0,
    -1,
    -2,
    -2,
    -2,
    900,
    1000,
    0,
    350,
    0,
    -2,
    700
  ],
  [
    -2,
    -2,
    -2,
    -2,
    -1,
    850,
    -1,
    -1,
    -1,
    -1,
    -3,
    0,
    -2,
    -2,
    -2,
    -2,
    -3,
    -3,
    0,
    -2,
    -1
  ],
  [
    -2,
    -2,
    0,
    -2,
    0,
    -2,
    800,
    -2,
    -3,
    -3,
    -2,
    600,
    -3,
    -2,
    -2,
    0,
    -3,
    -3,
    0,
    0,
    0
  ],
  [
    0,
    -3,
    -3,
    -2,
    0,
    0,
    -1,
    0,
    0,
    -3,
    -2,
    500,
    0,
    0,
    -1,
    0,
    0,
    -1,
    -1,
    -1,
    -2
  ],
  [
    -2,
    750,
    0,
    450,
    -1,
    750,
    -1,
    0,
    0,
    -3,
    -2,
    0,
    -3,
    500,
    0,
    0,
    -1,
    -3,
    -3,
    -2,
    -1
  ],
  [
    -1,
    -3,
    -1,
    -3,
    0,
    -2,
    0,
    0,
    -2,
    -1,
    0,
    -3,
    0,
    -2,
    0,
    -3,
    0,
    -2,
    -3,
    -2,
    200
  ],
  [
    -2,
    -3,
    -1,
    -3,
    -1,
    650,
    -1,
    -3,
    -2,
    -1,
    0,
    -1,
    1050,
    -1,
    0,
    -1,
    0,
    -2,
    -3,
    -3,
    -1
  ],
  [
    0,
    -3,
    -1,
    -3,
    0,
    -2,
    -3,
    -3,
    0,
    0,
    0,
    0,
    -2,
    0,
    -2,
    -3,
    -3,
    -3,
    -3,
    0,
    -1
  ],
  [
    0,
    -3,
    -1,
    -3,
    -1,
    -1,
    -2,
    -2,
    0,
    -1,
    0,
    -2,
    0,
    -2,
    1000,
    500,
    -2,
    -3,
    -3,
    50,
    0
  ]
]