[
  [
    0,
    -1,
    -1,
    -2,
    -2,
    -2,
    -2,
    0,
    0,
    300,
    0,
    -3,
    -2,
    200,
    -3,
    0,
    -2,
    -1,
    0,
    0,
    0
  ],
  [
    0,
    -1,
    -1,
    -2,
    0,
    0,
    -2,
    -2,
    -2,
    -1,
    0,
    -3,
    -3,
    -2,
    950,
    -2,
    -1,
    0,
    -2,
    -1,
    1100
  ],
  [
    -1,
    -1,
    0,
    -2,
    300,
    500,
    0,
    400,
    0,
    0,
    0,
    0,
    950,
    -3,
    -3,
    -3,
    -1,
    -1,
    -3,
    0,
    950
  ],
  [
    -1,
    -1,
    -2,
    -2,
    0,
    -3,
    -2,
    0,
    900,
    -3,
    -3,
    -3,
    0,
    0,
    0,
    0,
    1050,
    0,
    -3,
    0,
    0
  ],
  [
    1000,
    0,
    -2,
    0,
    -3,
    -3,
    -3,
    0,
    -1,
    -2,
    0,
    -3,
    -3,
    900,
    -2,
    0,
    -1,
    0,
    -3,
    0,
    0
  ],
  [
    0,
    350,
    -2,
    0,
    -3,
    0,
    -1,
    1050,
    0,
    -1,
    -2,
    -3,
    -2,
    550,
    -1,
    0,
    -1,
    850,
    -3,
    -1,
    0
  ],
  [
    -3,
    -3,
    -2,
    0,
    -3,
    -3,
    -3,
    200,
    0,
    300,
    0,
    -3,
    -3,
    -3,
    -2,
    -2,
    -2,
    0,
    -2,
    -2,
    0
  ],
  [
    -1,
    -3,
    -2,
    0,
    0,
    -2,
    0,
    0,
    -3,
    -3,
    -3,
    -3,
    100,
    -3,
    0,
    0,
    0,
    0,
    -2,
    400,
    0
  ],
  [
    0,
    -3,
    -2,
    -3,
    0,
    -2,
    0,
    -3,
    -3,
    0,
    -1,
    0,
    -1,
    -3,
    0,
    -1,
    -1,
    0,
    0,
    0,
    150
  ]
]