[
  [
    0,
    -2,
    0,
    -2,
    200,
    -1,
    0,
    0,
    350,
    1100,
    -1,
    -2,
    -2,
    -2,
    0,
    0,
    0,
    150,
    0,
    -2,
    550
  ],
  [
    -2,
    -2,
    -2,
    -2,
    -1,
    400,
    -1,
    -1,
    -1,
    -1,
    -3,
    0,
    -2,
    -2,
    -2,
    -2,
    -3,
    -3,
    700,
    -2,
    -1
  ],
  [
    -2,
    -2,
    0,
    -2,
    0,
    -2,
    0,
    -2,
    -3,
    -3,
    -2,
    400,
    -3,
    -2,
    -2,
    0,
    -3,
    -3,
    450,
    250,
    0
  ],
  [
    0,
    -3,
    -3,
    -2,
    0,
    300,
    -1,
    600,
    0,
    -3,
    -2,
    0,
    0,
    0,
    -1,
    0,
    0,
    -1,
    -1,
    -1,
    -2
  ],
  [
    -2,
    0,
    1000,
    0,
    -1,
    100,
    -1,
    500,
    0,
    -3,
    -2,
    200,
    -3,
    0,
    0,
    1050,
    -1,
    -3,
    -3,
    -2,
    -1
  ],
  [
    -1,
    -3,
    -1,
    -3,
    0,
    -2,
    0,
    800,
    -2,
    -1,
    850,
    -3,
    350,
    -2,
    1100,
    -3,
    0,
    -2,
    -3,
    -2,
    0
  ],
  [
    -2,
    -3,
    -1,
    -3,
    -1,
    0,
    -1,
    -3,
    -2,
    -1,
    0,
    -1,
    0,
    -1,
    0,
    -1,
    0,
    -2,
    -3,
    -3,
    -1
  ],
  [
    0,
    -3,
    -1,
    -3,
    0,
    -2,
    -3,
    -3,
    0,
    0,
    0,
    350,
    -2,
    0,
    -2,
    -3,
    -3,
    -3,
    -3,
    0,
    -1
  ],
  [
    0,
    -3,
    -1,
    -3,
    -1,
    -1,
    -2,
    -2,
    400,
    -1,
    0,
    -2,
    0,
    -2,
    0,
    900,
    -2,
    -3,
    -3,
    0,
    0
  ]
]