[
  [
    0,
    -2,
    0,
    -2,
    0,
    -1,
    0,
    0,
    300,
    0,
    -1,
    -2,
    -2,
    -2,
    0,
    0,
    0,
    300,
    400,
    -2,
    1100
  ],
  [
    -2,
    -2,
    -2,
    -2,
    -1,
    750,
    -1,
    -1,
    -1,
    -1,
    -3,
    200,
    -2,
    -2,
    -2,
    -2,
    -3,
    -3,
    0,
    -2,
    -1
  ],
  [
    -2,
    -2,
    900,
    -2,
    300,
    -2,
    0,
    -2,
    -3,
    -3,
    -2,
    0,
    -3,
    -2,
    -2,
    0,
    -3,
    -3,
    1050,
    0,
    0
  ],
  [
    0,
    -3,
    -3,
    -2,
    0,
    0,
    -1,
    500,
    0,
    -3,
    -2,
    0,
    0,
    50,
    -1,
    350,
    0,
    -1,
    -1,
    -1,
    -2
  ],
  [
    -2,
    1000,
    0,
    400,
    -1,
    0,
    -1,
    750,
    0,
    -3,
    -2,
    0,
    -3,
    0,
    1100,
    50,
    -1,
    -3,
    -3,
    -2,
    -1
  ],
  [
    -1,
    -3,
    -1,
    -3,
    0,
    -2,
    150,
    500,
    -2,
    -1,
    0,
    -3,
    0,
    -2,
    950,
    -3,
    0,
    -2,
    -3,
    -2,
    0
  ],
  [
    -2,
    -3,
    -1,
    -3,
    -1,
    0,
    -1,
    -3,
    -2,
    -1,
    1100,
    -1,
    0,
    -1,
    0,
    -1,
    0,
    -2,
    -3,
    -3,
    -1
  ],
  [
    0,
    -3,
    -1,
    -3,
    0,
    -2,
    -3,
    -3,
    0,
    0,
    0,
    0,
    -2,
    0,
    -2,
    -3,
    -3,
    -3,
    -3,
    0,
    -1
  ],
  [
    0,
    -3,
    -1,
    -3,
    -1,
    -1,
    -2,
    -2,
    0,
    -1,
    0,
    -2,
    0,
    -2,
    0,
    0,
    -2,
    -3,
    -3,
    0,
    400
  ]
]