[
  [
    350,
    -1,
    -1,
    -2,
    -2,
    -2,
    -2,
    0,
    800,
    0,
    850,
    -3,
    -2,
    0,
    -3,
    0,
    -2,
    -1,
    0,
    0,
    0
  ],
  [
    0,
    -1,
    -1,
    -2,
    0,
    0,
    -2,
    -2,
    -2,
    -1,
    0,
    -3,
    -3,
    -2,
    0,
    -2,
    -1,
    0,
    -2,
    -1,
    950
  ],
  [
    -1,
    -1,
    0,
    -2,
    150,
    600,
    0,
    0,
    0,
    50,
    0,
    0,
    150,
    -3,
    -3,
    -3,
    -1,
    -1,
    -3,
    950,
    0
  ],
  [
    -1,
    -1,
    -2,
    -2,
    0,
    -3,
    -2,
    0,
    0,
    -3,
    -3,
    -3,
    0,
    0,
    700,
    0,
    1100,
    0,
    -3,
    900,
    0
  ],
  [
    0,
    0,
    -2,
    250,
    -3,
    -3,
    -3,
    900,
    -1,
    -2,
    0,
    -3,
    -3,
    0,
    -2,
    700,
    -1,
    0,
    -3,
    0,
    0
  ],
  [
    0,
    50,
    -2,
    0,
    -3,
    0,
    -1,
    0,
    0,
    -1,
    -2,
    -3,
    -2,
    0,
    -1,
    0,
    -1,
    0,
    -3,
    -1,
    350
  ],
  [
    -3,
    -3,
    -2,
    0,
    -3,
    -3,
    -3,
    0,
    1000,
    0,
    0,
    -3,
    -3,
    -3,
    -2,
    -2,
    -2,
    450,
    -2,
    -2,
    200
  ],
  [
    -1,
    -3,
    -2,
    0,
    0,
    -2,
    0,
    1000,
    -3,
    -3,
    -3,
    -3,
    0,
    -3,
    0,
    0,
    0,
    0,
    -2,
    0,
    0
  ],
  [
    900,
    -3,
    -2,
    -3,
    0,
    -2,
    0,
    -3,
    -3,
    1100,
    -1,
    150,
    -1,
    -3,
    0,
    -1,
    -1,
    800,
    0,
    0,
    0
  ]
]