[
  [
    0,
    -2,
    0,
    -2,
    0,
    -1,
    850,
    0,
    0,
    800,
    -1,
    -2,
    -2,
    -2,
    0,
    0,
    0,
    0,
    150,
    -2,
    0
  ],
  [
    -2,
    -2,
    -2,
    -2,
    -1,
    0,
    -1,
    -1,
    -1,
    -1,
    -3,
    0,
    -2,
    -2,
    -2,
    -2,
    -3,
    -3,
    0,
    -2,
    -1
  ],
  [
    -2,
    -2,
    400,
    -2,
    0,
    -2,
    0,
    -2,
    -3,
    -3,
    -2,
    0,
    -3,
    -2,
    -2,
    50,
    -3,
    -3,
    600,
    0,
    0
  ],
  [
    850,
    -3,
    -3,
    -2,
    0,
    350,
    -1,
    0,
    250,
    -3,
    -2,
    0,
    0,
    0,
    -1,
    0,
    0,
    -1,
    -1,
    -1,
    -2
  ],
  [
    -2,
    0,
    1150,
    0,
    -1,
    750,
    -1,
    0,
    0,
    -3,
    -2,
    0,
    -3,
    100,
    1100,
    0,
    -1,
    -3,
    -3,
    -2,
    -1
  ],
  [
    -1,
    -3,
    -1,
    -3,
    0,
    -2,
    300,
    0,
    -2,
    -1,
    0,
    -3,
    0,
    -2,
    0,
    -3,
    1150,
    -2,
    -3,
    -2,
    0
  ],
  [
    -2,
    -3,
    -1,
    -3,
    -1,
    800,
    -1,
    -3,
    -2,
    -1,
    650,
    -1,
    0,
    -1,
    0,
    -1,
    0,
    -2,
    -3,
    -3,
    -1
  ],
  [
    400,
    -3,
    -1,
    -3,
    0,
    -2,
    -3,
    -3,
    0,
    0,
    0,
    900,
    -2,
    0,
    -2,
    -3,
    -3,
    -3,
    -3,
    0,
    -1
  ],
  [
    0,
    -3,
    -1,
    -3,
    -1,
    -1,
    -2,
    -2,
    650,
    -1,
    0,
    -2,
    100,
    -2,
    0,
    0,
    -2,
    -3,
    -3,
    0,
    50
  ]
]