[
  [
    0,
    -1,
    -1,
    -2,
    -2,
    -2,
    -2,
    0,
    1150,
    350,
    0,
    -3,
    -2,
    500,
    -3,
    0,
    -2,
    -1,
    0,
    0,
    0
  ],
  [
    0,
    -1,
    -1,
    -2,
    0,
    0,
    -2,
    -2,
    -2,
    -1,
    0,
    -3,
    -3,
    -2,
    0,
    -2,
    -1,
    0,
    -2,
    -1,
    550
  ],
  [
    -1,
    -1,
    0,
    -2,
    0,
    0,
    0,
    0,
    0,
    0,
    0,
    0,
    0,
    -3,
    -3,
    -3,
    -1,
    -1,
    -3,
    0,
    0
  ],
  [
    -1,
    -1,
    -2,
    -2,
    0,
    -3,
    -2,
    0,
    0,
    -3,
    -3,
    -3,
    1050,
    0,
    0,
    1050,
    0,
    0,
    -3,
    0,
    0
  ],
  [
    0,
    0,
    -2,
    950,
    -3,
    -3,
    -3,
    0,
    -1,
    -2,
    0,
    -3,
    -3,
    0,
    -2,
    0,
    -1,
    0,
    -3,
    1150,
    0
  ],
  [
    0,
    200,
    -2,
    0,
    -3,
    0,
    -1,
    750,
    0,
    -1,
    -2,
    -3,
    -2,
    150,
    -1,
    0,
    -1,
    0,
    -3,
    -1,
    0
  ],
  [
    -3,
    -3,
    -2,
    900,
    -3,
    -3,
    -3,
    0,
    0,
    0,
    0,
    -3,
    -3,
    -3,
    -2,
    -2,
    -2,
    0,
    -2,
    -2,
    0
  ],
  [
    -1,
    -3,
    -2,
    0,
    0,
    -2,
    0,
    450,
    -3,
    -3,
    -3,
    -3,
    0,
    -3,
    0,
    1000,
    0,
    550,
    -2,
    1150,
    0
  ],
  [
    0,
    -3,
    -2,
    -3,
    0,
    -2,
    750,
    -3,
    -3,
    0,
    -1,
    0,
    -1,
    -3,
    250,
    -1,
    -1,
    0,
    0,
    1150,
    0
  ]
]