[
  [
    0,
    -1,
    -1,
    -2,
    -2,
    -2,
    -2,
    0,
    200,
    0,
    0,
    -3,
    -2,
    0,
    -3,
    950,
    -2,
    -1,
    700,
    0,
    0
  ],
  [
    0,
    -1,
    -1,
    -2,
    1000,
    0,
    -2,
    -2,
    -2,
    -1,
    0,
    -3,
    -3,
    -2,
    0,
    -2,
    -1,
    850,
    -2,
    -1,
    850
  ],
  [
    -1,
    -1,
    0,
    -2,
    0,
    0,
    0,
    400,
    0,
    0,
    0,
    0,
    800,
    -3,
    -3,
    -3,
    -1,
    -1,
    -3,
    0,
    0
  ],
  [
    -1,
    -1,
    -2,
    -2,
    0,
    -3,
    -2,
    0,
    0,
    -3,
    -3,
    -3,
    950,
    0,
    0,
    0,
    0,
    0,
    -3,
    0,
    1000
  ],
  [
    500,
    0,
    -2,
    0,
    -3,
    -3,
    -3,
    0,
    -1,
    -2,
    0,
    -3,
    -3,
    50,
    -2,
    300,
    -1,
    0,
    -3,
    0,
    0
  ],
  [
    0,
    0,
    -2,
    700,
    -3,
    0,
    -1,
    0,
    0,
    -1,
    -2,
    -3,
    -2,
    0,
    -1,
    900,
    -1,
    0,
    -3,
    -1,
    1050
  ],
  [
    -3,
    -3,
    -2,
    0,
    -3,
    -3,
    -3,
    0,
    0,
    50,
    0,
    -3,
    -3,
    -3,
    -2,
    -2,
    -2,
    0,
    -2,
    -2,
    0
  ],
  [
    -1,
    -3,
    -2,
    300,
    0,
    -2,
    0,
    300,
    -3,
    -3,
    -3,
    -3,
    0,
    -3,
    0,
    0,
    50,
    0,
    -2,
    0,
    100
  ],
  [
    0,
    -3,
    -2,
    -3,
    0,
    -2,
    0,
    -3,
    -3,
    0,
    -1,
    0,
    -1,
    -3,
    250,
    -1,
    -1,
    0,
    600,
    100,
    150
  ]
]