[
  [
    900,
    -1,
    -1,
    -2,
    -2,
    -2,
    -2,
    0,
    200,
    0,
    0,
    -3,
    -2,
    0,
    -3,
    0,
    -2,
    -1,
    0,
    0,
    0
  ],
  [
    250,
    -1,
    -1,
    -2,
    0,
    0,
    -2,
    -2,
    -2,
    -1,
    0,
    -3,
    -3,
    -2,
    0,
    -2,
    -1,
    0,
    -2,
    -1,
    0
  ],
  [
    -1,
    -1,
    0,
    -2,
    0,
    0,
    0,
    500,
    0,
    0,
    600,
    800,
    100,
    -3,
    -3,
    -3,
    -1,
    -1,
    -3,
    300,
    0
  ],
  [
    -1,
    -1,
    -2,
    -2,
    0,
    -3,
    -2,
    0,
    0,
    -3,
    -3,
    -3,
    550,
    500,
    550,
    0,
    0,
    0,
    -3,
    0,
    0
  ],
  [
    0,
    0,
    -2,
    0,
    -3,
    -3,
    -3,
    0,
    -1,
    -2,
    0,
    -3,
    -3,
    0,
    -2,
    0,
    -1,
    0,
    -3,
    0,
    0
  ],
  [
    0,
    750,
    -2,
    0,
    -3,
    0,
    -1,
    0,
    0,
    -1,
    -2,
    -3,
    -2,
    700,
    -1,
    450,
    -1,
    0,
    -3,
    -1,
    0
  ],
  [
    -3,
    -3,
    -2,
    0,
    -3,
    -3,
    -3,
    0,
    650,
    0,
    0,
    -3,
    -3,
    -3,
    -2,
    -2,
    -2,
    0,
    -2,
    -2,
    0
  ],
  [
    -1,
    -3,
    -2,
    100,
    450,
    -2,
    0,
    1150,
    -3,
    -3,
    -3,
    -3,
    0,
    -3,
    0,
    0,
    0,
    0,
    -2,
    0,
    0
  ],
  [
    0,
    -3,
    -2,
    -3,
    0,
    -2,
    0,
    -3,
    -3,
    0,
    -1,
    0,
    -1,
    -3,
    0,
    -1,
    -1,
    250,
    0,
    0,
    0
  ]
]