[
  [
    0,
    -2,
    0,
    -2,
    0,
    -1,
    0,
    0,
    0,
    750,
    -1,
    -2,
    -2,
    -2,
    550,
    0,
    100,
    350,
    0,
    -2,
    0
  ],
  [
    -2,
    -2,
    -2,
    -2,
    -1,
    800,
    -1,
    -1,
    -1,
    -1,
    -3,
    0,
    -2,
    -2,
    -2,
    -2,
    -3,
    -3,
    0,
    -2,
    -1
  ],
  [
    -2,
    -2,
    0,
    -2,
    850,
    -2,
    1000,
    -2,
    -3,
    -3,
    -2,
    0,
    -3,
    -2,
    -2,
    0,
    -3,
    -3,
    850,
    0,
    0
  ],
  [
    0,
    -3,
    -3,
    -2,
    0,
    0,
    -1,
    0,
    0,
    -3,
    -2,
    300,
    0,
    0,
    -1,
    0,
    0,
    -1,
    -1,
    -1,
    -2
  ],
  [
    -2,
    150,
    100,
    0,
    -1,
    250,
    -1,
    0,
    0,
    -3,
    -2,
    0,
    -3,
    0,
    0,
    0,
    -1,
    -3,
    -3,
    -2,
    -1
  ],
  [
    -1,
    -3,
    -1,
    -3,
    0,
    -2,
    0,
    0,
    -2,
    -1,
    800,
    -3,
    0,
    -2,
    0,
    -3,
    650,
    -2,
    -3,
    -2,
    0
  ],
  [
    -2,
    -3,
    -1,
    -3,
    -1,
    0,
    -1,
    -3,
    -2,
    -1,
    0,
    -1,
    0,
    -1,
    1050,
    -1,
    600,
    -2,
    -3,
    -3,
    -1
  ],
  [
    0,
    -3,
    -1,
    -3,
    650,
    -2,
    -3,
    -3,
    0,
    0,
    0,
    0,
    -2,
    1000,
    -2,
    -3,
    -3,
    -3,
    -3,
    0,
    -1
  ],
  [
    0,
    -3,
    -1,
    -3,
    -1,
    -1,
    -2,
    -2,
    0,
    -1,
    250,
    -2,
    0,
    -2,
    350,
    0,
    -2,
    -3,
    -3,
    0,
    0
  ]
]