[
  [
    1000,
    -2,
    650,
    -2,
    0,
    -1,
    100,
    0,
    600,
    500,
    -1,
    -2,
    -2,
    -2,
    0,
    750,
    0,
    0,
    0,
    -2,
    0
  ],
  [
    -2,
    -2,
    -2,
    -2,
    -1,
    0,
    -1,
    -1,
    -1,
    -1,
    -3,
    0,
    -2,
    -2,
    -2,
    -2,
    -3,
    -3,
    0,
    -2,
    -1
  ],
  [
    -2,
    -2,
    0,
    -2,
    700,
    -2,
    0,
    -2,
    -3,
    -3,
    -2,
    650,
    -3,
    -2,
    -2,
    0,
    -3,
    -3,
    850,
    350,
    0
  ],
  [
    0,
    -3,
    -3,
    -2,
    500,
    0,
    -1,
    0,
    0,
    -3,
    -2,
    0,
    1100,
    0,
    -1,
    0,
    950,
    -1,
    -1,
    -1,
    -2
  ],
  [
    -2,
    0,
    0,
    550,
    -1,
    0,
    -1,
    0,
    0,
    -3,
    -2,
    0,
    -3,
    0,
    0,
    0,
    -1,
    -3,
    -3,
    -2,
    -1
  ],
  [
    -1,
    -3,
    -1,
    -3,
    50,
    -2,
    0,
    0,
    -2,
    -1,
    0,
    -3,
    0,
    -2,
    0,
    -3,
    0,
    -2,
    -3,
    -2,
    400
  ],
  [
    -2,
    -3,
    -1,
    -3,
    -1,
    1100,
    -1,
    -3,
    -2,
    -1,
    0,
    -1,
    0,
    -1,
    0,
    -1,
    0,
    -2,
    -3,
    -3,
    -1
  ],
  [
    1100,
    -3,
    -1,
    -3,
    0,
    -2,
    -3,
    -3,
    0,
    0,
    0,
    0,
    -2,
    250,
    -2,
    -3,
    -3,
    -3,
    -3,
    0,
    -1
  ],
  [
    0,
    -3,
    -1,
    -3,
    -1,
    -1,
    -2,
    -2,
    0,
    -1,
    0,
    -2,
    50,
    -2,
    0,
    0,
    -2,
    -3,
    -3,
    900,
    1100
  ]
]