[
  [
    0,
    -1,
    -1,
    -2,
    -2,
    -2,
    -2,
    0,
    0,
    0,
    0,
    -3,
    -2,
    0,
    -3,
    0,
    -2,
    -1,
    0,
    0,
    0
  ],
  [
    0,
    -1,
    -1,
    -2,
    0,
    150,
    -2,
    -2,
    -2,
    -1,
    0,
    -3,
    -3,
    -2,
    0,
    -2,
    -1,
    0,
    -2,
    -1,
    0
  ],
  [
    -1,
    -1,
    0,
    -2,
    1050,
    800,
    0,
    350,
    0,
    0,
    150,
    1000,
    0,
    -3,
    -3,
    -3,
    -1,
    -1,
    -3,
    0,
    0
  ],
  [
    -1,
    -1,
    -2,
    -2,
    100,
    -3,
    -2,
    650,
    0,
    -3,
    -3,
    -3,
    0,
    0,
    550,
    950,
    0,
    1050,
    -3,
    0,
    0
  ],
  [
    0,
    650,
    -2,
    0,
    -3,
    -3,
    -3,
    0,
    -1,
    -2,
    650,
    -3,
    -3,
    0,
    -2,
    0,
    -1,
    0,
    -3,
    0,
    0
  ],
  [
    0,
    0,
    -2,
    750,
    -3,
    0,
    -1,
    0,
    0,
    -1,
    -2,
    -3,
    -2,
    0,
    -1,
    0,
    -1,
    0,
    -3,
    -1,
    0
  ],
  [
    -3,
    -3,
    -2,
    0,
    -3,
    -3,
    -3,
    0,
    1150,
    0,
    0,
    -3,
    -3,
    -3,
    -2,
    -2,
    -2,
    1050,
    -2,
    -2,
    1150
  ],
  [
    -1,
    -3,
    -2,
    0,
    0,
    -2,
    1150,
    0,
    -3,
    -3,
    -3,
    -3,
    0,
    -3,
    0,
    0,
    450,
    0,
    -2,
    900,
    750
  ],
  [
    0,
    -3,
    -2,
    -3,
    0,
    -2,
    0,
    -3,
    -3,
    0,
    -1,
    0,
    -1,
    -3,
    0,
    -1,
    -1,
    0,
    0,
    0,
    0
  ]
]