[
  [
    0,
    -1,
    -1,
    -2,
    -2,
    -2,
    -2,
    0,
    0,
    0,
    0,
    -3,
    -2,
    0,
    -3,
    0,
    -2,
    -1,
    1000,
    0,
    0
  ],
  [
    0,
    -1,
    -1,
    -2,
    200,
    0,
    -2,
    -2,
    -2,
    -1,
    0,
    -3,
    -3,
    -2,
    0,
    -2,
    -1,
    0,
    -2,
    -1,
    850
  ],
  [
    -1,
    -1,
    800,
    -2,
    950,
    250,
    700,
    0,
    0,
    0,
    650,
    0,
    0,
    -3,
    -3,
    -3,
    -1,
    -1,
    -3,
    0,
    0
  ],
  [
    -1,
    -1,
    -2,
    -2,
    450,
    -3,
    -2,
    0,
    100,
    -3,
    -3,
    -3,
    0,
    500,
    0,
    0,
    0,
    0,
    -3,
    1100,
    0
  ],
  [
    0,
    0,
    -2,
    0,
    -3,
    -3,
    -3,
    0,
    -1,
    -2,
    1050,
    -3,
    -3,
    900,
    -2,
    1000,
    -1,
    750,
    -3,
    850,
    0
  ],
  [
    0,
    0,
    -2,
    0,
    -3,
    0,
    -1,
    0,
    150,
    -1,
    -2,
    -3,
    -2,
    0,
    -1,
    0,
    -1,
    0,
    -3,
    -1,
    0
  ],
  [
    -3,
    -3,
    -2,
    0,
    -3,
    -3,
    -3,
    0,
    0,
    500,
    250,
    -3,
    -3,
    -3,
    -2,
    -2,
    -2,
    0,
    -2,
    -2,
    0
  ],
  [
    -1,
    -3,
    -2,
    0,
    1150,
    -2,
    0,
    0,
    -3,
    -3,
    -3,
    -3,
    0,
    -3,
    0,
    0,
    0,
    600,
    -2,
    0,
    1150
  ],
  [
    0,
    -3,
    -2,
    -3,
    0,
    -2,
    0,
    -3,
    -3,
    950,
    -1,
    0,
    -1,
    -3,
    0,
    -1,
    -1,
    0,
    0,
    0,
    0
  ]
]