[
  [
    0,
    -1,
    -1,
    -2,
    -2,
    -2,
    -2,
    400,
    200,
    0,
    650,
    -3,
    -2,
    0,
    -3,
    0,
    -2,
    -1,
    0,
    0,
    0
  ],
  [
    0,
    -1,
    -1,
    -2,
    250,
    0,
    -2,
    -2,
    -2,
    -1,
    0,
    -3,
    -3,
    -2,
    0,
    -2,
    -1,
    0,
    -2,
    -1,
    0
  ],
  [
    -1,
    -1,
    0,
    -2,
    950,
    850,
    0,
    0,
    0,
    0,
    0,
    0,
    0,
    -3,
    -3,
    -3,
    -1,
    -1,
    -3,
    0,
    0
  ],
  [
    -1,
    -1,
    -2,
    -2,
    0,
    -3,
    -2,
    0,
    0,
    -3,
    -3,
    -3,
    0,
    0,
    950,
    0,
    900,
    0,
    -3,
    0,
    0
  ],
  [
    0,
    1000,
    -2,
    0,
    -3,
    -3,
    -3,
    0,
    -1,
    -2,
    0,
    -3,
    -3,
    250,
    -2,
    750,
    -1,
    0,
    -3,
    0,
    0
  ],
  [
    0,
    0,
    -2,
    0,
    -3,
    0,
    -1,
    0,
    0,
    -1,
    -2,
    -3,
    -2,
    0,
    -1,
    0,
    -1,
    700,
    -3,
    -1,
    0
  ],
  [
    -3,
    -3,
    -2,
    0,
    -3,
    -3,
    -3,
    0,
    0,
    0,
    0,
    -3,
    -3,
    -3,
    -2,
    -2,
    -2,
    0,
    -2,
    -2,
    400
  ],
  [
    -1,
    -3,
    -2,
    0,
    0,
    -2,
    0,
    0,
    -3,
    -3,
    -3,
    -3,
    650,
    -3,
    0,
    400,
    700,
    0,
    -2,
    0,
    0
  ],
  [
    0,
    -3,
    -2,
    -3,
    0,
    -2,
    0,
    -3,
    -3,
    50,
    -1,
    0,
    -1,
    -3,
    0,
    -1,
    -1,
    0,
    850,
    0,
    0
  ]
]