[
  [
    0,
    -1,
    -1,
    -2,
    -2,
    -2,
    -2,
    0,
    0,
    0,
    0,
    -3,
    -2,
    0,
    -3,
    300,
    -2,
    -1,
    0,
    900,
    0
  ],
  [
    250,
    -1,
    -1,
    -2,
    0,
    0,
    -2,
    -2,
    -2,
    -1,
    0,
    -3,
    -3,
    -2,
    0,
    -2,
    -1,
    0,
    -2,
    -1,
    0
  ],
  [
    -1,
    -1,
    1100,
    -2,
    0,
    0,
    0,
    0,
    0,
    0,
    700,
    0,
    0,
    -3,
    -3,
    -3,
    -1,
    -1,
    -3,
    0,
    0
  ],
  [
    -1,
    -1,
    -2,
    -2,
    900,
    -3,
    -2,
    250,
    0,
    -3,
    -3,
    -3,
    0,
    0,
    0,
    0,
    0,
    0,
    -3,
    0,
    100
  ],
  [
    950,
    0,
    -2,
    450,
    -3,
    -3,
    -3,
    1100,
    -1,
    -2,
    600,
    -3,
    -3,
    0,
    -2,
    0,
    -1,
    0,
    -3,
    0,
    0
  ],
  [
    0,
    0,
    -2,
    750,
    -3,
    1150,
    -1,
    0,
    0,
    -1,
    -2,
    -3,
    -2,
    0,
    -1,
    0,
    -1,
    600,
    -3,
    -1,
    0
  ],
  [
    -3,
    -3,
    -2,
    0,
    -3,
    -3,
    -3,
    550,
    0,
    300,
    0,
    -3,
    -3,
    -3,
    -2,
    -2,
    -2,
    0,
    -2,
    -2,
    0
  ],
  [
    -1,
    -3,
    -2,
    0,
    0,
    -2,
    0,
    0,
    -3,
    -3,
    -3,
    -3,
    0,
    -3,
    0,
    0,
    0,
    150,
    -2,
    0,
    0
  ],
  [
    0,
    -3,
    -2,
    -3,
    0,
    -2,
    0,
    -3,
    -3,
    0,
    -1,
    0,
    -1,
    -3,
    300,
    -1,
    -1,
    0,
    0,
    0,
    0
  ]
]