[
  [
    0,
    -1,
    -1,
    -2,
    -2,
    -2,
    -2,
    0,
    0,
    0,
    0,
    -3,
    -2,
    1100,
    -3,
    0,
    -2,
    -1,
    0,
    0,
    0
  ],
  [
    950,
    -1,
    -1,
    -2,
    0,
    0,
    -2,
    -2,
    -2,
    -1,
    0,
    -3,
    -3,
    -2,
    0,
    -2,
    -1,
    0,
    -2,
    -1,
    0
  ],
  [
    -1,
    -1,
    650,
    -2,
    0,
    600,
    0,
    0,
    0,
    300,
    0,
    0,
    0,
    -3,
    -3,
    -3,
    -1,
    -1,
    -3,
    0,
    0
  ],
  [
    -1,
    -1,
    -2,
    -2,
    250,
    -3,
    -2,
    900,
    0,
    -3,
    -3,
    -3,
    0,
    0,
    600,
    0,
    650,
    0,
    -3,
    0,
    0
  ],
  [
    650,
    400,
    -2,
    0,
    -3,
    -3,
    -3,
    50,
    -1,
    -2,
    0,
    -3,
    -3,
    0,
    -2,
    1000,
    -1,
    0,
    -3,
    0,
    650
  ],
  [
    0,
    250,
    -2,
    0,
    -3,
    900,
    -1,
    0,
    0,
    -1,
    -2,
    -3,
    -2,
    0,
    -1,
    0,
    -1,
    700,
    -3,
    -1,
    0
  ],
  [
    -3,
    -3,
    -2,
    0,
    -3,
    -3,
    -3,
    0,
    0,
    0,
    700,
    -3,
    -3,
    -3,
    -2,
    -2,
    -2,
    900,
    -2,
    -2,
    0
  ],
  [
    -1,
    -3,
    -2,
    0,
    0,
    -2,
    0,
    0,
    -3,
    -3,
    -3,
    -3,
    0,
    -3,
    0,
    0,
    0,
    0,
    -2,
    0,
    0
  ],
  [
    650,
    -3,
    -2,
    -3,
    1050,
    -2,
    0,
    -3,
    -3,
    0,
    -1,
    0,
    -1,
    -3,
    0,
    -1,
    -1,
    150,
    0,
    200,
    0
  ]
]