[
  [
    0,
    -1,
    -1,
    -2,
    -2,
    -2,
    -2,
    0,
    500,
    0,
    0,
    -3,
    -2,
    0,
    -3,
    0,
    -2,
    -1,
    0,
    750,
    0
  ],
  [
    0,
    -1,
    -1,
    -2,
    0,
    0,
    -2,
    -2,
    -2,
    -1,
    0,
    -3,
    -3,
    -2,
    1050,
    -2,
    -1,
    0,
    -2,
    -1,
    0
  ],
  [
    -1,
    -1,
    250,
    -2,
    1150,
    0,
    0,
    200,
    0,
    0,
    0,
    0,
    0,
    -3,
    -3,
    -3,
    -1,
    -1,
    -3,
    450,
    950
  ],
  [
    -1,
    -1,
    -2,
    -2,
    1050,
    -3,
    -2,
    0,
    0,
    -3,
    -3,
    -3,
    0,
    0,
    0,
    600,
    0,
    850,
    -3,
    0,
    250
  ],
  [
    0,
    0,
    -2,
    0,
    -3,
    -3,
    -3,
    0,
    -1,
    -2,
    0,
    -3,
    -3,
    0,
    -2,
    150,
    -1,
    1150,
    -3,
    300,
    0
  ],
  [
    700,
    0,
    -2,
    850,
    -3,
    0,
    -1,
    0,
    0,
    -1,
    -2,
    -3,
    -2,
    0,
    -1,
    350,
    -1,
    0,
    -3,
    -1,
    0
  ],
  [
    -3,
    -3,
    -2,
    0,
    -3,
    -3,
    -3,
    0,
    0,
    0,
    0,
    -3,
    -3,
    -3,
    -2,
    -2,
    -2,
    0,
    -2,
    -2,
    0
  ],
  [
    -1,
    -3,
    -2,
    800,
    0,
    -2,
    0,
    0,
    -3,
    -3,
    -3,
    -3,
    0,
    -3,
    0,
    0,
    0,
    50,
    -2,
    0,
    0
  ],
  [
    0,
    -3,
    -2,
    -3,
    1050,
    -2,
    250,
    -3,
    -3,
    0,
    -1,
    0,
    -1,
    -3,
    0,
    -1,
    -1,
    0,
    0,
    550,
    0
  ]
]