[
  [
    0,
    -2,
    0,
    -2,
    0,
    -1,
    0,
    0,
    0,
    400,
    -1,
    -2,
    -2,
    -2,
    0,
    0,
    0,
    0,
    0,
    -2,
    50
  ],
  [
    -2,
    -2,
    -2,
    -2,
    -1,
    800,
    -1,
    -1,
    -1,
    -1,
    -3,
    0,
    -2,
    -2,
    -2,
    -2,
    -3,
    -3,
    0,
    -2,
    -1
  ],
  [
    -2,
    -2,
    100,
    -2,
    0,
    -2,
    200,
    -2,
    -3,
    -3,
    -2,
    0,
    -3,
    -2,
    -2,
    0,
    -3,
    -3,
    0,
    0,
    0
  ],
  [
    900,
    -3,
    -3,
    -2,
    0,
    0,
    -1,
    250,
    0,
    -3,
    -2,
    1000,
    500,
    350,
    -1,
    800,
    0,
    -1,
    -1,
    -1,
    -2
  ],
  [
    -2,
    0,
    0,
    0,
    -1,
    0,
    -1,
    0,
    150,
    -3,
    -2,
    900,
    -3,
    0,
    0,
    0,
    -1,
    -3,
    -3,
    -2,
    -1
  ],
  [
    -1,
    -3,
    -1,
    -3,
    0,
    -2,
    0,
    0,
    -2,
    -1,
    0,
    -3,
    700,
    -2,
    0,
    -3,
    0,
    -2,
    -3,
    -2,
    0
  ],
  [
    -2,
    -3,
    -1,
    -3,
    -1,
    0,
    -1,
    -3,
    -2,
    -1,
    0,
    -1,
    0,
    -1,
    850,
    -1,
    0,
    -2,
    -3,
    -3,
    -1
  ],
  [
    0,
    -3,
    -1,
    -3,
    500,
    -2,
    -3,
    -3,
    0,
    800,
    0,
    0,
    -2,
    0,
    -2,
    -3,
    -3,
    -3,
    -3,
    0,
    -1
  ],
  [
    0,
    -3,
    -1,
    -3,
    -1,
    -1,
    -2,
    -2,
    0,
    -1,
    0,
    -2,
    200,
    -2,
    550,
    0,
    -2,
    -3,
    -3,
    1150,
    0
  ]
]