[
  [
    0,
    -1,
    -1,
    -2,
    -2,
    -2,
    -2,
    650,
    1100,
    0,
    0,
    -3,
    -2,
    0,
    -3,
    0,
    -2,
    -1,
    100,
    0,
    0
  ],
  [
    600,
    -1,
    -1,
    -2,
    0,
    0,
    -2,
    -2,
    -2,
    -1,
    800,
    -3,
    -3,
    -2,
    0,
    -2,
    -1,
    0,
    -2,
    -1,
    0
  ],
  [
    -1,
    -1,
    0,
    -2,
    850,
    1150,
    350,
    600,
    0,
    0,
    550,
    750,
    700,
    -3,
    -3,
    -3,
    -1,
    -1,
    -3,
    0,
    0
  ],
  [
    -1,
    -1,
    -2,
    -2,
    500,
    -3,
    -2,
    0,
    0,
    -3,
    -3,
    -3,
    0,
    0,
    0,
    0,
    0,
    0,
    -3,
    0,
    500
  ],
  [
    300,
    0,
    -2,
    300,
    -3,
    -3,
    -3,
    0,
    -1,
    -2,
    0,
    -3,
    -3,
    0,
    -2,
    0,
    -1,
    0,
    -3,
    0,
    100
  ],
  [
    500,
    0,
    -2,
    0,
    -3,
    0,
    -1,
    0,
    0,
    -1,
    -2,
    -3,
    -2,
    0,
    -1,
    0,
    -1,
    0,
    -3,
    -1,
    850
  ],
  [
    -3,
    -3,
    -2,
    700,
    -3,
    -3,
    -3,
    0,
    0,
    750,
    0,
    -3,
    -3,
    -3,
    -2,
    -2,
    -2,
    0,
    -2,
    -2,
    1150
  ],
  [
    -1,
    -3,
    -2,
    0,
    0,
    -2,
    0,
    0,
    -3,
    -3,
    -3,
    -3,
    0,
    -3,
    0,
    0,
    400,
    0,
    -2,
    0,
    0
  ],
  [
    0,
    -3,
    -2,
    -3,
    500,
    -2,
    0,
    -3,
    -3,
    0,
    -1,
    0,
    -1,
    -3,
    200,
    -1,
    -1,
    0,
    0,
    0,
    0
  ]
]