[
  [
    0,
    -1,
    -1,
    -2,
    -2,
    -2,
    -2,
    0,
    0,
    0,
    0,
    -3,
    -2,
    550,
    -3,
    0,
    -2,
    -1,
    850,
    0,
    0
  ],
  [
    300,
    -1,
    -1,
    -2,
    0,
    0,
    -2,
    -2,
    -2,
    -1,
    0,
    -3,
    -3,
    -2,
    0,
    -2,
    -1,
    0,
    -2,
    -1,
    0
  ],
  [
    -1,
    -1,
    0,
    -2,
    0,
    0,
    0,
    0,
    850,
    100,
    0,
    0,
    100,
    -3,
    -3,
    -3,
    -1,
    -1,
    -3,
    0,
    0
  ],
  [
    -1,
    -1,
    -2,
    -2,
    1000,
    -3,
    -2,
    400,
    0,
    -3,
    -3,
    -3,
    0,
    0,
    0,
    0,
    0,
    950,
    -3,
    0,
    1050
  ],
  [
    1150,
    0,
    -2,
    300,
    -3,
    -3,
    -3,
    0,
    -1,
    -2,
    0,
    -3,
    -3,
    0,
    -2,
    0,
    -1,
    0,
    -3,
    0,
    0
  ],
  [
    0,
    0,
    -2,
    700,
    -3,
    650,
    -1,
    0,
    0,
    -1,
    -2,
    -3,
    -2,
    650,
    -1,
    0,
    -1,
    0,
    -3,
    -1,
    0
  ],
  [
    -3,
    -3,
    -2,
    0,
    -3,
    -3,
    -3,
    0,
    0,
    0,
    500,
    -3,
    -3,
    -3,
    -2,
    -2,
    -2,
    0,
    -2,
    -2,
    0
  ],
  [
    -1,
    -3,
    -2,
    0,
    0,
    -2,
    0,
    0,
    -3,
    -3,
    -3,
    -3,
    1000,
    -3,
    0,
    0,
    0,
    1000,
    -2,
    0,
    0
  ],
  [
    0,
    -3,
    -2,
    -3,
    0,
    -2,
    0,
    -3,
    -3,
    0,
    -1,
    0,
    -1,
    -3,
    300,
    -1,
    -1,
    0,
    0,
    0,
    150
  ]
]