[
  [
    0,
    -1,
    -1,
    -2,
    -2,
    -2,
    -2,
    300,
    0,
    0,
    1000,
    -3,
    -2,
    0,
    -3,
    0,
    -2,
    -1,
    850,
    0,
    0
  ],
  [
    0,
    -1,
    -1,
    -2,
    0,
    0,
    -2,
    -2,
    -2,
    -1,
    0,
    -3,
    -3,
    -2,
    0,
    -2,
    -1,
    0,
    -2,
    -1,
    0
  ],
  [
    -1,
    -1,
    600,
    -2,
    0,
    0,
    0,
    0,
    0,
    550,
    0,
    0,
    0,
    -3,
    -3,
    -3,
    -1,
    -1,
    -3,
    0,
    0
  ],
  [
    -1,
    -1,
    -2,
    -2,
    0,
    -3,
    -2,
    0,
    0,
    -3,
    -3,
    -3,
    0,
    0,
    200,
    0,
    100,
    150,
    -3,
    0,
    0
  ],
  [
    0,
    0,
    -2,
    950,
    -3,
    -3,
    -3,
    0,
    -1,
    -2,
    300,
    -3,
    -3,
    200,
    -2,
    850,
    -1,
    0,
    -3,
    0,
    0
  ],
  [
    0,
    0,
    -2,
    0,
    -3,
    0,
    -1,
    0,
    0,
    -1,
    -2,
    -3,
    -2,
    0,
    -1,
    0,
    -1,
    0,
    -3,
    -1,
    0
  ],
  [
    -3,
    -3,
    -2,
    0,
    -3,
    -3,
    -3,
    0,
    0,
    0,
    0,
    -3,
    -3,
    -3,
    -2,
    -2,
    -2,
    200,
    -2,
    -2,
    0
  ],
  [
    -1,
    -3,
    -2,
    0,
    0,
    -2,
    0,
    950,
    -3,
    -3,
    -3,
    -3,
    0,
    -3,
    0,
    500,
    200,
    800,
    -2,
    0,
    1000
  ],
  [
    0,
    -3,
    -2,
    -3,
    0,
    -2,
    1000,
    -3,
    -3,
    0,
    -1,
    0,
    -1,
    -3,
    0,
    -1,
    -1,
    0,
    0,
    0,
    0
  ]
]