[
  [
    1050,
    -1,
    -1,
    -2,
    -2,
    -2,
    -2,
    0,
    0,
    550,
    0,
    -3,
    -2,
    0,
    -3,
    0,
    -2,
    -1,
    0,
    0,
    0
  ],
  [
    0,
    -1,
    -1,
    -2,
    0,
    0,
    -2,
    -2,
    -2,
    -1,
    0,
    -3,
    -3,
    -2,
    0,
    -2,
    -1,
    0,
    -2,
    -1,
    0
  ],
  [
    -1,
    -1,
    250,
    -2,
    500,
    0,
    1000,
    0,
    0,
    0,
    0,
    500,
    350,
    -3,
    -3,
    -3,
    -1,
    -1,
    -3,
    0,
    0
  ],
  [
    -1,
    -1,
    -2,
    -2,
    500,
    -3,
    -2,
    0,
    0,
    -3,
    -3,
    -3,
    0,
    0,
    400,
    100,
    0,
    0,
    -3,
    0,
    0
  ],
  [
    0,
    0,
    -2,
    0,
    -3,
    -3,
    -3,
    0,
    -1,
    -2,
    0,
    -3,
    -3,
    650,
    -2,
    0,
    -1,
    550,
    -3,
    0,
    400
  ],
  [
    0,
    0,
    -2,
    0,
    -3,
    0,
    -1,
    0,
    0,
    -1,
    -2,
    -3,
    -2,
    950,
    -1,
    0,
    -1,
    0,
    -3,
    -1,
    0
  ],
  [
    -3,
    -3,
    -2,
    0,
    -3,
    -3,
    -3,
    0,
    0,
    200,
    0,
    -3,
    -3,
    -3,
    -2,
    -2,
    -2,
    0,
    -2,
    -2,
    0
  ],
  [
    -1,
    -3,
    -2,
    0,
    0,
    -2,
    0,
    750,
    -3,
    -3,
    -3,
    -3,
    0,
    -3,
    350,
    0,
    1000,
    700,
    -2,
    0,
    0
  ],
  [
    0,
    -3,
    -2,
    -3,
    0,
    -2,
    700,
    -3,
    -3,
    0,
    -1,
    0,
    -1,
    -3,
    300,
    -1,
    -1,
    0,
    0,
    0,
    0
  ]
]