[
  [
    500,
    -1,
    -1,
    -2,
    -2,
    -2,
    -2,
    0,
    0,
    0,
    0,
    -3,
    -2,
    0,
    -3,
    0,
    -2,
    -1,
    200,
    0,
    0
  ],
  [
    0,
    -1,
    -1,
    -2,
    0,
    0,
    -2,
    -2,
    -2,
    -1,
    0,
    -3,
    -3,
    -2,
    0,
    -2,
    -1,
    300,
    -2,
    -1,
    0
  ],
  [
    -1,
    -1,
    0,
    -2,
    800,
    600,
    450,
    0,
    0,
    0,
    0,
    0,
    0,
    -3,
    -3,
    -3,
    -1,
    -1,
    -3,
    1000,
    0
  ],
  [
    -1,
    -1,
    -2,
    -2,
    0,
    -3,
    -2,
    0,
    0,
    -3,
    -3,
    -3,
    0,
    0,
    0,
    900,
    0,
    0,
    -3,
    0,
    0
  ],
  [
    0,
    900,
    -2,
    150,
    -3,
    -3,
    -3,
    0,
    -1,
    -2,
    0,
    -3,
    -3,
    0,
    -2,
    0,
    -1,
    200,
    -3,
    0,
    0
  ],
  [
    0,
    950,
    -2,
    700,
    -3,
    0,
    -1,
    0,
    0,
    -1,
    -2,
    -3,
    -2,
    550,
    -1,
    1100,
    -1,
    0,
    -3,
    -1,
    0
  ],
  [
    -3,
    -3,
    -2,
    650,
    -3,
    -3,
    -3,
    0,
    0,
    1000,
    1050,
    -3,
    -3,
    -3,
    -2,
    -2,
    -2,
    100,
    -2,
    -2,
    0
  ],
  [
    -1,
    -3,
    -2,
    1000,
    0,
    -2,
    350,
    0,
    -3,
    -3,
    -3,
    -3,
    300,
    -3,
    0,
    0,
    0,
    0,
    -2,
    0,
    0
  ],
  [
    0,
    -3,
    -2,
    -3,
    0,
    -2,
    0,
    -3,
    -3,
    0,
    -1,
    0,
    -1,
    -3,
    0,
    -1,
    -1,
    400,
    0,
    0,
    0
  ]
]