[
  [
    500,
    -1,
    -1,
    -2,
    -2,
    -2,
    -2,
    0,
    0,
    0,
    0,
    -3,
    -2,
    0,
    -3,
    0,
    -2,
    -1,
    750,
    0,
    0
  ],
  [
    900,
    -1,
    -1,
    -2,
    500,
    0,
    -2,
    -2,
    -2,
    -1,
    500,
    -3,
    -3,
    -2,
    0,
    -2,
    -1,
    0,
    -2,
    -1,
    0
  ],
  [
    -1,
    -1,
    950,
    -2,
    0,
    0,
    1150,
    0,
    0,
    0,
    0,
    0,
    0,
    -3,
    -3,
    -3,
    -1,
    -1,
    -3,
    0,
    0
  ],
  [
    -1,
    -1,
    -2,
    -2,
    0,
    -3,
    -2,
    0,
    350,
    -3,
    -3,
    -3,
    850,
    0,
    950,
    0,
    0,
    0,
    -3,
    0,
    0
  ],
  [
    0,
    0,
    -2,
    0,
    -3,
    -3,
    -3,
    550,
    -1,
    -2,
    100,
    -3,
    -3,
    0,
    -2,
    0,
    -1,
    400,
    -3,
    0,
    900
  ],
  [
    0,
    0,
    -2,
    0,
    -3,
    850,
    -1,
    800,
    0,
    -1,
    -2,
    -3,
    -2,
    0,
    -1,
    0,
    -1,
    0,
    -3,
    -1,
    0
  ],
  [
    -3,
    -3,
    -2,
    0,
    -3,
    -3,
    -3,
    0,
    100,
    0,
    0,
    -3,
    -3,
    -3,
    -2,
    -2,
    -2,
    100,
    -2,
    -2,
    1000
  ],
  [
    -1,
    -3,
    -2,
    0,
    700,
    -2,
    0,
    0,
    -3,
    -3,
    -3,
    -3,
    700,
    -3,
    0,
    0,
    0,
    0,
    -2,
    0,
    0
  ],
  [
    0,
    -3,
    -2,
    -3,
    0,
    -2,
    0,
    -3,
    -3,
    0,
    -1,
    0,
    -1,
    -3,
    650,
    -1,
    -1,
    700,
    0,
    0,
    0
  ]
]