[
  [
    0,
    -2,
    0,
    -2,
    0,
    -1,
    0,
    0,
    0,
    0,
    -1,
    -2,
    -2,
    -2,
    850,
    0,
    0,
    0,
    0,
    -2,
    0
  ],
  [
    -2,
    -2,
    -2,
    -2,
    -1,
    0,
    -1,
    -1,
    -1,
    -1,
    -3,
    0,
    -2,
    -2,
    -2,
    -2,
    -3,
    -3,
    600,
    -2,
    -1
  ],
  [
    -2,
    -2,
    0,
    -2,
    0,
    -2,
    0,
    -2,
    -3,
    -3,
    -2,
    0,
    -3,
    -2,
    -2,
    750,
    -3,
    -3,
    0,
    0,
    350
  ],
  [
    0,
    -3,
    -3,
    -2,
    100,
    0,
    -1,
    850,
    0,
    -3,
    -2,
    1000,
    650,
    0,
    -1,
    550,
    550,
    -1,
    -1,
    -1,
    -2
  ],
  [
    -2,
    0,
    0,
    0,
    -1,
    0,
    -1,
    0,
    0,
    -3,
    -2,
    100,
    -3,
    0,
    350,
    0,
    -1,
    -3,
    -3,
    -2,
    -1
  ],
  [
    -1,
    -3,
    -1,
    -3,
    0,
    -2,
    0,
    650,
    -2,
    -1,
    600,
    -3,
    550,
    -2,
    850,
    -3,
    0,
    -2,
    -3,
    -2,
    950
  ],
  [
    -2,
    -3,
    -1,
    -3,
    -1,
    0,
    -1,
    -3,
    -2,
    -1,
    0,
    -1,
    0,
    -1,
    700,
    -1,
    750,
    -2,
    -3,
    -3,
    -1
  ],
  [
    0,
    -3,
    -1,
    -3,
    0,
    -2,
    -3,
    -3,
    0,
    250,
    0,
    550,
    -2,
    1100,
    -2,
    -3,
    -3,
    -3,
    -3,
    0,
    -1
  ],
  [
    0,
    -3,
    -1,
    -3,
    -1,
    -1,
    -2,
    -2,
    100,
    -1,
    0,
    -2,
    0,
    -2,
    0,
    0,
    -2,
    -3,
    -3,
    450,
    0
  ]
]