[
  [
    0,
    -1,
    -1,
    -2,
    -2,
    -2,
    -2,
    0,
    0,
    0,
    0,
    -3,
    -2,
    800,
    -3,
    150,
    -2,
    -1,
    400,
    0,
    250
  ],
  [
    0,
    -1,
    -1,
    -2,
    250,
    0,
    -2,
    -2,
    -2,
    -1,
    0,
    -3,
    -3,
    -2,
    100,
    -2,
    -1,
    0,
    -2,
    -1,
    550
  ],
  [
    -1,
    -1,
    650,
    -2,
    0,
    0,
    750,
    350,
    0,
    600,
    0,
    1000,
    350,
    -3,
    -3,
    -3,
    -1,
    -1,
    -3,
    0,
    0
  ],
  [
    -1,
    -1,
    -2,
    -2,
    0,
    -3,
    -2,
    0,
    600,
    -3,
    -3,
    -3,
    0,
    0,
    850,
    0,
    0,
    0,
    -3,
    0,
    0
  ],
  [
    0,
    0,
    -2,
    0,
    -3,
    -3,
    -3,
    0,
    -1,
    -2,
    0,
    -3,
    -3,
    0,
    -2,
    0,
    -1,
    0,
    -3,
    0,
    0
  ],
  [
    0,
    950,
    -2,
    0,
    -3,
    850,
    -1,
    0,
    0,
    -1,
    -2,
    -3,
    -2,
    0,
    -1,
    0,
    -1,
    550,
    -3,
    -1,
    0
  ],
  [
    -3,
    -3,
    -2,
    850,
    -3,
    -3,
    -3,
    350,
    0,
    0,
    0,
    -3,
    -3,
    -3,
    -2,
    -2,
    -2,
    0,
    -2,
    -2,
    0
  ],
  [
    -1,
    -3,
    -2,
    1050,
    0,
    -2,
    0,
    0,
    -3,
    -3,
    -3,
    -3,
    650,
    -3,
    0,
    0,
    0,
    0,
    -2,
    0,
    950
  ],
  [
    0,
    -3,
    -2,
    -3,
    0,
    -2,
    750,
    -3,
    -3,
    0,
    -1,
    0,
    -1,
    -3,
    0,
    -1,
    -1,
    0,
    0,
    0,
    0
  ]
]