[
  [
    0,
    -1,
    -1,
    -2,
    -2,
    -2,
    -2,
    0,
    0,
    0,
    0,
    -3,
    -2,
    550,
    -3,
    0,
    -2,
    -1,
    350,
    0,
    0
  ],
  [
    0,
    -1,
    -1,
    -2,
    300,
    0,
    -2,
    -2,
    -2,
    -1,
    0,
    -3,
    -3,
    -2,
    0,
    -2,
    -1,
    0,
    -2,
    -1,
    1000
  ],
  [
    -1,
    -1,
    150,
    -2,
    0,
    0,
    0,
    0,
    0,
    0,
    0,
    0,
    0,
    -3,
    -3,
    -3,
    -1,
    -1,
    -3,
    0,
    0
  ],
  [
    -1,
    -1,
    -2,
    -2,
    750,
    -3,
    -2,
    0,
    0,
    -3,
    -3,
    -3,
    700,
    0,
    250,
    0,
    0,
    0,
    -3,
    0,
    0
  ],
  [
    0,
    0,
    -2,
    0,
    -3,
    -3,
    -3,
    1050,
    -1,
    -2,
    0,
    -3,
    -3,
    450,
    -2,
    0,
    -1,
    0,
    -3,
    0,
    0
  ],
  [
    0,
    0,
    -2,
    0,
    -3,
    0,
    -1,
    200,
    0,
    -1,
    -2,
    -3,
    -2,
    0,
    -1,
    0,
    -1,
    200,
    -3,
    -1,
    0
  ],
  [
    -3,
    -3,
    -2,
    0,
    -3,
    -3,
    -3,
    0,
    0,
    0,
    300,
    -3,
    -3,
    -3,
    -2,
    -2,
    -2,
    750,
    -2,
    -2,
    0
  ],
  [
    -1,
    -3,
    -2,
    0,
    0,
    -2,
    0,
    0,
    -3,
    -3,
    -3,
    -3,
    0,
    -3,
    0,
    300,
    0,
    950,
    -2,
    0,
    0
  ],
  [
    0,
    -3,
    -2,
    -3,
    0,
    -2,
    0,
    -3,
    -3,
    500,
    -1,
    600,
    -1,
    -3,
    0,
    -1,
    -1,
    400,
    0,
    0,
    0
  ]
]