[
  [
    0,
    -1,
    -1,
    -2,
    -2,
    -2,
    -2,
    0,
    500,
    0,
    0,
    -3,
    -2,
    0,
    -3,
    0,
    -2,
    -1,
    0,
    0,
    0
  ],
  [
    0,
    -1,
    -1,
    -2,
    0,
    0,
    -2,
    -2,
    -2,
    -1,
    0,
    -3,
    -3,
    -2,
    750,
    -2,
    -1,
    0,
    -2,
    -1,
    0
  ],
  [
    -1,
    -1,
    0,
    -2,
    0,
    0,
    0,
    0,
    0,
    0,
    650,
    1000,
    0,
    -3,
    -3,
    -3,
    -1,
    -1,
    -3,
    400,
    0
  ],
  [
    -1,
    -1,
    -2,
    -2,
    400,
    -3,
    -2,
    0,
    0,
    -3,
    -3,
    -3,
    0,
    0,
    0,
    0,
    0,
    0,
    -3,
    0,
    0
  ],
  [
    0,
    0,
    -2,
    0,
    -3,
    -3,
    -3,
    0,
    -1,
    -2,
    0,
    -3,
    -3,
    0,
    -2,
    50,
    -1,
    0,
    -3,
    0,
    800
  ],
  [
    0,
    500,
    -2,
    0,
    -3,
    0,
    -1,
    100,
    0,
    -1,
    -2,
    -3,
    -2,
    0,
    -1,
    400,
    -1,
    0,
    -3,
    -1,
    0
  ],
  [
    -3,
    -3,
    -2,
    950,
    -3,
    -3,
    -3,
    550,
    0,
    0,
    0,
    -3,
    -3,
    -3,
    -2,
    -2,
    -2,
    0,
    -2,
    -2,
    0
  ],
  [
    -1,
    -3,
    -2,
    0,
    600,
    -2,
    150,
    0,
    -3,
    -3,
    -3,
    -3,
    0,
    -3,
    0,
    900,
    0,
    0,
    -2,
    0,
    0
  ],
  [
    0,
    -3,
    -2,
    -3,
    0,
    -2,
    200,
    -3,
    -3,
    0,
    -1,
    0,
    -1,
    -3,
    350,
    -1,
    -1,
    0,
    0,
    0,
    0
  ]
]