[
  [
    0,
    -1,
    -1,
    -2,
    -2,
    -2,
    -2,
    0,
    500,
    0,
    0,
    -3,
    -2,
    0,
    -3,
    0,
    -2,
    -1,
    1050,
    0,
    0
  ],
  [
    0,
    -1,
    -1,
    -2,
    0,
    0,
    -2,
    -2,
    -2,
    -1,
    0,
    -3,
    -3,
    -2,
    200,
    -2,
    -1,
    0,
    -2,
    -1,
    0
  ],
  [
    -1,
    -1,
    0,
    -2,
    0,
    400,
    0,
    0,
    850,
    0,
    900,
    0,
    1100,
    -3,
    -3,
    -3,
    -1,
    -1,
    -3,
    250,
    0
  ],
  [
    -1,
    -1,
    -2,
    -2,
    0,
    -3,
    -2,
    250,
    450,
    -3,
    -3,
    -3,
    0,
    550,
    0,
    0,
    0,
    1000,
    -3,
    0,
    150
  ],
  [
    0,
    0,
    -2,
    0,
    -3,
    -3,
    -3,
    0,
    -1,
    -2,
    450,
    -3,
    -3,
    0,
    -2,
    0,
    -1,
    0,
    -3,
    350,
    400
  ],
  [
    0,
    0,
    -2,
    0,
    -3,
    0,
    -1,
    650,
    0,
    -1,
    -2,
    -3,
    -2,
    1100,
    -1,
    0,
    -1,
    1100,
    -3,
    -1,
    0
  ],
  [
    -3,
    -3,
    -2,
    0,
    -3,
    -3,
    -3,
    0,
    0,
    0,
    0,
    -3,
    -3,
    -3,
    -2,
    -2,
    -2,
    300,
    -2,
    -2,
    0
  ],
  [
    -1,
    -3,
    -2,
    0,
    0,
    -2,
    0,
    0,
    -3,
    -3,
    -3,
    -3,
    850,
    -3,
    0,
    0,
    0,
    0,
    -2,
    0,
    250
  ],
  [
    0,
    -3,
    -2,
    -3,
    0,
    -2,
    0,
    -3,
    -3,
    1000,
    -1,
    0,
    -1,
    -3,
    0,
    -1,
    -1,
    0,
    0,
    0,
    1000
  ]
]