[
  [
    0,
    -1,
    -1,
    -2,
    -2,
    -2,
    -2,
    0,
    1050,
    0,
    0,
    -3,
    -2,
    0,
    -3,
    0,
    -2,
    -1,
    0,
    0,
    0
  ],
  [
    0,
    -1,
    -1,
    -2,
    0,
    0,
    -2,
    -2,
    -2,
    -1,
    650,
    -3,
    -3,
    -2,
    1000,
    -2,
    -1,
    0,
    -2,
    -1,
    0
  ],
  [
    -1,
    -1,
    0,
    -2,
    0,
    0,
    1000,
    0,
    950,
    500,
    1050,
    0,
    0,
    -3,
    -3,
    -3,
    -1,
    -1,
    -3,
    0,
    0
  ],
  [
    -1,
    -1,
    -2,
    -2,
    0,
    -3,
    -2,
    0,
    0,
    -3,
    -3,
    -3,
    0,
    0,
    0,
    0,
    0,
    0,
    -3,
    0,
    1100
  ],
  [
    0,
    950,
    -2,
    750,
    -3,
    -3,
    -3,
    0,
    -1,
    -2,
    0,
    -3,
    -3,
    0,
    -2,
    250,
    -1,
    0,
    -3,
    0,
    0
  ],
  [
    800,
    0,
    -2,
    0,
    -3,
    0,
    -1,
    0,
    0,
    -1,
    -2,
    -3,
    -2,
    0,
    -1,
    0,
    -1,
    400,
    -3,
    -1,
    0
  ],
  [
    -3,
    -3,
    -2,
    100,
    -3,
    -3,
    -3,
    200,
    0,
    0,
    0,
    -3,
    -3,
    -3,
    -2,
    -2,
    -2,
    0,
    -2,
    -2,
    0
  ],
  [
    -1,
    -3,
    -2,
    0,
    0,
    -2,
    0,
    0,
    -3,
    -3,
    -3,
    -3,
    0,
    -3,
    50,
    200,
    0,
    800,
    -2,
    450,
    0
  ],
  [
    0,
    -3,
    -2,
    -3,
    250,
    -2,
    0,
    -3,
    -3,
    850,
    -1,
    0,
    -1,
    -3,
    0,
    -1,
    -1,
    0,
    0,
    350,
    0
  ]
]