[
  [
    0,
    -1,
    -1,
    -2,
    -2,
    -2,
    -2,
    0,
    50,
    0,
    0,
    -3,
    -2,
    50,
    -3,
    0,
    -2,
    -1,
    550,
    0,
    0
  ],
  [
    0,
    -1,
    -1,
    -2,
    650,
    0,
    -2,
    -2,
    -2,
    -1,
    0,
    -3,
    -3,
    -2,
    950,
    -2,
    -1,
    0,
    -2,
    -1,
    0
  ],
  [
    -1,
    -1,
    0,
    -2,
    0,
    0,
    0,
    550,
    0,
    0,
    0,
    0,
    0,
    -3,
    -3,
    -3,
    -1,
    -1,
    -3,
    0,
    0
  ],
  [
    -1,
    -1,
    -2,
    -2,
    0,
    -3,
    -2,
    0,
    950,
    -3,
    -3,
    -3,
    0,
    900,
    0,
    0,
    0,
    150,
    -3,
    0,
    0
  ],
  [
    450,
    0,
    -2,
    0,
    -3,
    -3,
    -3,
    0,
    -1,
    -2,
    0,
    -3,
    -3,
    550,
    -2,
    0,
    -1,
    350,
    -3,
    0,
    800
  ],
  [
    0,
    0,
    -2,
    0,
    -3,
    0,
    -1,
    0,
    0,
    -1,
    -2,
    -3,
    -2,
    850,
    -1,
    50,
    -1,
    0,
    -3,
    -1,
    0
  ],
  [
    -3,
    -3,
    -2,
    1150,
    -3,
    -3,
    -3,
    0,
    0,
    850,
    400,
    -3,
    -3,
    -3,
    -2,
    -2,
    -2,
    0,
    -2,
    -2,
    0
  ],
  [
    -1,
    -3,
    -2,
    50,
    0,
    -2,
    0,
    500,
    -3,
    -3,
    -3,
    -3,
    0,
    -3,
    0,
    150,
    0,
    0,
    -2,
    0,
    750
  ],
  [
    0,
    -3,
    -2,
    -3,
    0,
    -2,
    0,
    -3,
    -3,
    0,
    -1,
    0,
    -1,
    -3,
    0,
    -1,
    -1,
    0,
    0,
    0,
    150
  ]
]