[
  [
    0,
    -1,
    -1,
    -2,
    -2,
    -2,
    -2,
    0,
    400,
    0,
    400,
    -3,
    -2,
    0,
    -3,
    0,
    -2,
    -1,
    750,
    0,
    50
  ],
  [
    700,
    -1,
    -1,
    -2,
    0,
    0,
    -2,
    -2,
    -2,
    -1,
    0,
    -3,
    -3,
    -2,
    1150,
    -2,
    -1,
    300,
    -2,
    -1,
    0
  ],
  [
    -1,
    -1,
    0,
    -2,
    0,
    0,
    0,
    0,
    800,
    0,
    0,
    0,
    0,
    -3,
    -3,
    -3,
    -1,
    -1,
    -3,
    0,
    0
  ],
  [
    -1,
    -1,
    -2,
    -2,
    700,
    -3,
    -2,
    0,
    0,
    -3,
    -3,
    -3,
    0,
    0,
    450,
    0,
    150,
    0,
    -3,
    0,
    850
  ],
  [
    850,
    0,
    -2,
    0,
    -3,
    -3,
    -3,
    0,
    -1,
    -2,
    0,
    -3,
    -3,
    0,
    -2,
    700,
    -1,
    200,
    -3,
    0,
    0
  ],
  [
    400,
    0,
    -2,
    0,
    -3,
    0,
    -1,
    0,
    0,
    -1,
    -2,
    -3,
    -2,
    0,
    -1,
    850,
    -1,
    0,
    -3,
    -1,
    0
  ],
  [
    -3,
    -3,
    -2,
    1050,
    -3,
    -3,
    -3,
    350,
    0,
    0,
    250,
    -3,
    -3,
    -3,
    -2,
    -2,
    -2,
    0,
    -2,
    -2,
    0
  ],
  [
    -1,
    -3,
    -2,
    1000,
    50,
    -2,
    0,
    0,
    -3,
    -3,
    -3,
    -3,
    900,
    -3,
    0,
    0,
    0,
    0,
    -2,
    0,
    0
  ],
  [
    0,
    -3,
    -2,
    -3,
    0,
    -2,
    0,
    -3,
    -3,
    0,
    -1,
    500,
    -1,
    -3,
    0,
    -1,
    -1,
    0,
    0,
    0,
    1050
  ]
]