[
  [
    700,
    -2,
    -2,
    0,
    -2,
    600,
    -2,
    -1,
    1150,
    -3,
    150,
    -3,
    -3,
    0,
    0,
    0,
    0,
    0,
    -3,
    0,
    -3
  ],
  [
    -2,
    -2,
    -1,
    -2,
    -1,
    0,
    -3,
    0,
    -2,
    0,
    -3,
    0,
    0,
    0,
    -2,
    -1,
    0,
    0,
    0,
    -3,
    650
  ],
  [
    -3,
    -2,
    -1,
    -3,
    -1,
    0,
    0,
    -3,
    -2,
    0,
    0,
    0,
    -1,
    -2,
    0,
    -2,
    0,
    -2,
    0,
    -2,
    950
  ],
  [
    0,
    -3,
    -3,
    1000,
    -2,
    -2,
    -2,
    -2,
    0,
    -2,
    -2,
    0,
    800,
    0,
    -2,
    0,
    -3,
    -3,
    -3,
    -2,
    0
  ],
  [
    -3,
    -3,
    0,
    -3,
    -1,
    0,
    -1,
    0,
    -2,
    -2,
    0,
    -2,
    0,
    -3,
    0,
    0,
    -3,
    0,
    -3,
    -2,
    0
  ],
  [
    -3,
    50,
    0,
    550,
    -1,
    -1,
    -1,
    -1,
    -3,
    0,
    -2,
    0,
    -3,
    50,
    -3,
    500,
    -3,
    -3,
    -3,
    650,
    0
  ],
  [
    0,
    -3,
    0,
    0,
    0,
    0,
    -1,
    250,
    -3,
    0,
    0,
    0,
    -2,
    -3,
    -2,
    0,
    150,
    0,
    50,
    0,
    0
  ],
  [
    -3,
    0,
    -1,
    0,
    -1,
    100,
    -3,
    -3,
    -3,
    0,
    -1,
    0,
    0,
    0,
    0,
    -3,
    -3,
    -3,
    -1,
    -2,
    -2
  ],
  [
    0,
    0,
    -1,
    0,
    -1,
    -3,
    0,
    -3,
    0,
    -1,
    0,
    -1,
    900,
    0,
    -2,
    -2,
    -2,
    -1,
    0,
    -1,
    -2
  ]
]