[
  [
    0,
    -2,
    -2,
    0,
    -2,
    600,
    -2,
    -1,
    0,
    -3,
    0,
    -3,
    -3,
    250,
    0,
    0,
    0,
    0,
    -3,
    0,
    -3
  ],
  [
    -2,
    -2,
    -1,
    -2,
    -1,
    0,
    -3,
    950,
    -2,
    0,
    -3,
    250,
    0,
    0,
    -2,
    -1,
    0,
    0,
    0,
    -3,
    0
  ],
  [
    -3,
    -2,
    -1,
    -3,
    -1,
    700,
    0,
    -3,
    -2,
    0,
    0,
    0,
    -1,
    -2,
    0,
    -2,
    0,
    -2,
    0,
    -2,
    0
  ],
  [
    0,
    -3,
    -3,
    0,
    -2,
    -2,
    -2,
    -2,
    0,
    -2,
    -2,
    0,
    0,
    100,
    -2,
    0,
    -3,
    -3,
    -3,
    -2,
    0
  ],
  [
    -3,
    -3,
    0,
    -3,
    -1,
    0,
    -1,
    0,
    -2,
    -2,
    0,
    -2,
    0,
    -3,
    0,
    0,
    -3,
    0,
    -3,
    -2,
    750
  ],
  [
    -3,
    0,
    0,
    0,
    -1,
    -1,
    -1,
    -1,
    -3,
    550,
    -2,
    0,
    -3,
    1000,
    -3,
    0,
    -3,
    -3,
    -3,
    0,
    950
  ],
  [
    0,
    -3,
    0,
    0,
    250,
    0,
    -1,
    0,
    -3,
    0,
    0,
    0,
    -2,
    -3,
    -2,
    0,
    0,
    350,
    0,
    0,
    350
  ],
  [
    -3,
    0,
    -1,
    0,
    -1,
    0,
    -3,
    -3,
    -3,
    0,
    -1,
    250,
    0,
    0,
    0,
    -3,
    -3,
    -3,
    -1,
    -2,
    -2
  ],
  [
    850,
    0,
    -1,
    1050,
    -1,
    -3,
    950,
    -3,
    0,
    -1,
    0,
    -1,
    0,
    0,
    -2,
    -2,
    -2,
    -1,
    1100,
    -1,
    -2
  ]
]