[
  [
    0,
    -2,
    -2,
    0,
    -2,
    0,
    -2,
    -1,
    0,
    -3,
    300,
    -3,
    -3,
    0,
    1050,
    0,
    0,
    0,
    -3,
    750,
    -3
  ],
  [
    -2,
    -2,
    -1,
    -2,
    -1,
    500,
    -3,
    0,
    -2,
    0,
    -3,
    800,
    0,
    0,
    -2,
    -1,
    1150,
    0,
    350,
    -3,
    1150
  ],
  [
    -3,
    -2,
    -1,
    -3,
    -1,
    1150,
    0,
    -3,
    -2,
    50,
    0,
    0,
    -1,
    -2,
    0,
    -2,
    0,
    -2,
    0,
    -2,
    0
  ],
  [
    0,
    -3,
    -3,
    0,
    -2,
    -2,
    -2,
    -2,
    800,
    -2,
    -2,
    850,
    0,
    0,
    -2,
    750,
    -3,
    -3,
    -3,
    -2,
    0
  ],
  [
    -3,
    -3,
    0,
    -3,
    -1,
    0,
    -1,
    0,
    -2,
    -2,
    0,
    -2,
    0,
    -3,
    0,
    0,
    -3,
    1100,
    -3,
    -2,
    0
  ],
  [
    -3,
    0,
    0,
    0,
    -1,
    -1,
    -1,
    -1,
    -3,
    1100,
    -2,
    0,
    -3,
    1050,
    -3,
    50,
    -3,
    -3,
    -3,
    0,
    0
  ],
  [
    0,
    -3,
    0,
    400,
    0,
    0,
    -1,
    0,
    -3,
    0,
    500,
    0,
    -2,
    -3,
    -2,
    1100,
    0,
    0,
    0,
    750,
    450
  ],
  [
    -3,
    0,
    -1,
    0,
    -1,
    0,
    -3,
    -3,
    -3,
    0,
    -1,
    0,
    0,
    0,
    0,
    -3,
    -3,
    -3,
    -1,
    -2,
    -2
  ],
  [
    0,
    0,
    -1,
    1150,
    -1,
    -3,
    0,
    -3,
    1000,
    -1,
    0,
    -1,
    0,
    0,
    -2,
    -2,
    -2,
    -1,
    0,
    -1,
    -2
  ]
]