[
  [
    800,
    -2,
    -2,
    300,
    -2,
    0,
    -2,
    -1,
    900,
    -3,
    0,
    -3,
    -3,
    0,
    850,
    0,
    0,
    0,
    -3,
    0,
    -3
  ],
  [
    -2,
    -2,
    -1,
    -2,
    -1,
    0,
    -3,
    0,
    -2,
    0,
    -3,
    0,
    0,
    0,
    -2,
    -1,
    0,
    0,
    0,
    -3,
    0
  ],
  [
    -3,
    -2,
    -1,
    -3,
    -1,
    0,
    0,
    -3,
    -2,
    0,
    150,
    0,
    -1,
    -2,
    0,
    -2,
    700,
    -2,
    0,
    -2,
    0
  ],
  [
    0,
    -3,
    -3,
    0,
    -2,
    -2,
    -2,
    -2,
    0,
    -2,
    -2,
    0,
    0,
    0,
    -2,
    0,
    -3,
    -3,
    -3,
    -2,
    0
  ],
  [
    -3,
    -3,
    50,
    -3,
    -1,
    0,
    -1,
    0,
    -2,
    -2,
    0,
    -2,
    0,
    -3,
    0,
    0,
    -3,
    1050,
    -3,
    -2,
    250
  ],
  [
    -3,
    0,
    450,
    0,
    -1,
    -1,
    -1,
    -1,
    -3,
    0,
    -2,
    250,
    -3,
    0,
    -3,
    1050,
    -3,
    -3,
    -3,
    0,
    0
  ],
  [
    1100,
    -3,
    0,
    450,
    0,
    450,
    -1,
    0,
    -3,
    150,
    0,
    150,
    -2,
    -3,
    -2,
    800,
    0,
    0,
    0,
    0,
    0
  ],
  [
    -3,
    0,
    -1,
    0,
    -1,
    350,
    -3,
    -3,
    -3,
    0,
    -1,
    200,
    0,
    0,
    0,
    -3,
    -3,
    -3,
    -1,
    -2,
    -2
  ],
  [
    0,
    0,
    -1,
    0,
    -1,
    -3,
    150,
    -3,
    0,
    -1,
    0,
    -1,
    0,
    0,
    -2,
    -2,
    -2,
    -1,
    0,
    -1,
    -2
  ]
]