[
  [
    700,
    -2,
    -2,
    0,
    -2,
    0,
    -2,
    -1,
    0,
    -3,
    0,
    -3,
    -3,
    350,
    0,
    0,
    0,
    0,
    -3,
    0,
    -3
  ],
  [
    -2,
    -2,
    -1,
    -2,
    -1,
    0,
    -3,
    0,
    -2,
    0,
    -3,
    0,
    0,
    0,
    -2,
    -1,
    0,
    0,
    0,
    -3,
    0
  ],
  [
    -3,
    -2,
    -1,
    -3,
    -1,
    0,
    0,
    -3,
    -2,
    400,
    0,
    300,
    -1,
    -2,
    0,
    -2,
    0,
    -2,
    0,
    -2,
    0
  ],
  [
    0,
    -3,
    -3,
    0,
    -2,
    -2,
    -2,
    -2,
    0,
    -2,
    -2,
    0,
    300,
    550,
    -2,
    0,
    -3,
    -3,
    -3,
    -2,
    0
  ],
  [
    -3,
    -3,
    300,
    -3,
    -1,
    1000,
    -1,
    0,
    -2,
    -2,
    1150,
    -2,
    0,
    -3,
    0,
    0,
    -3,
    0,
    -3,
    -2,
    0
  ],
  [
    -3,
    0,
    0,
    0,
    -1,
    -1,
    -1,
    -1,
    -3,
    0,
    -2,
    0,
    -3,
    0,
    -3,
    0,
    -3,
    -3,
    -3,
    0,
    600
  ],
  [
    0,
    -3,
    0,
    1050,
    0,
    0,
    -1,
    0,
    -3,
    0,
    0,
    400,
    -2,
    -3,
    -2,
    0,
    0,
    0,
    50,
    0,
    0
  ],
  [
    -3,
    800,
    -1,
    0,
    -1,
    200,
    -3,
    -3,
    -3,
    0,
    -1,
    0,
    0,
    0,
    200,
    -3,
    -3,
    -3,
    -1,
    -2,
    -2
  ],
  [
    350,
    0,
    -1,
    850,
    -1,
    -3,
    0,
    -3,
    0,
    -1,
    0,
    -1,
    0,
    200,
    -2,
    -2,
    -2,
    -1,
    0,
    -1,
    -2
  ]
]