[
  [
    0,
    -2,
    -2,
    0,
    -2,
    850,
    -2,
    -1,
    0,
    -3,
    0,
    -3,
    -3,
    0,
    0,
    0,
    0,
    0,
    -3,
    0,
    -3
  ],
  [
    -2,
    -2,
    -1,
    -2,
    -1,
    0,
    -3,
    0,
    -2,
    0,
    -3,
    0,
    300,
    0,
    -2,
    -1,
    0,
    0,
    0,
    -3,
    350
  ],
  [
    -3,
    -2,
    -1,
    -3,
    -1,
    300,
    0,
    -3,
    -2,
    0,
    150,
    300,
    -1,
    -2,
    0,
    -2,
    0,
    -2,
    0,
    -2,
    550
  ],
  [
    250,
    -3,
    -3,
    0,
    -2,
    -2,
    -2,
    -2,
    800,
    -2,
    -2,
    0,
    0,
    0,
    -2,
    50,
    -3,
    -3,
    -3,
    -2,
    450
  ],
  [
    -3,
    -3,
    0,
    -3,
    -1,
    0,
    -1,
    0,
    -2,
    -2,
    0,
    -2,
    0,
    -3,
    0,
    0,
    -3,
    0,
    -3,
    -2,
    0
  ],
  [
    -3,
    0,
    0,
    0,
    -1,
    -1,
    -1,
    -1,
    -3,
    0,
    -2,
    150,
    -3,
    0,
    -3,
    0,
    -3,
    -3,
    -3,
    900,
    0
  ],
  [
    0,
    -3,
    0,
    0,
    0,
    0,
    -1,
    700,
    -3,
    0,
    0,
    0,
    -2,
    -3,
    -2,
    0,
    0,
    0,
    650,
    0,
    0
  ],
  [
    -3,
    0,
    -1,
    0,
    -1,
    0,
    -3,
    -3,
    -3,
    600,
    -1,
    0,
    250,
    0,
    750,
    -3,
    -3,
    -3,
    -1,
    -2,
    -2
  ],
  [
    0,
    0,
    -1,
    0,
    -1,
    -3,
    0,
    -3,
    0,
    -1,
    700,
    -1,
    0,
    0,
    -2,
    -2,
    -2,
    -1,
    0,
    -1,
    -2
  ]
]