[
  [
    0,
    -2,
    -2,
    0,
    -2,
    50,
    -2,
    -1,
    0,
    -3,
    0,
    -3,
    -3,
    0,
    0,
    0,
    1000,
    400,
    -3,
    0,
    -3
  ],
  [
    -2,
    -2,
    -1,
    -2,
    -1,
    0,
    -3,
    0,
    -2,
    0,
    -3,
    1050,
    700,
    0,
    -2,
    -1,
    0,
    0,
    0,
    -3,
    0
  ],
  [
    -3,
    -2,
    -1,
    -3,
    -1,
    0,
    0,
    -3,
    -2,
    0,
    900,
    950,
    -1,
    -2,
    0,
    -2,
    0,
    -2,
    0,
    -2,
    0
  ],
  [
    0,
    -3,
    -3,
    350,
    -2,
    -2,
    -2,
    -2,
    0,
    -2,
    -2,
    0,
    0,
    400,
    -2,
    0,
    -3,
    -3,
    -3,
    -2,
    0
  ],
  [
    -3,
    -3,
    0,
    -3,
    -1,
    0,
    -1,
    0,
    -2,
    -2,
    1150,
    -2,
    0,
    -3,
    50,
    0,
    -3,
    0,
    -3,
    -2,
    0
  ],
  [
    -3,
    0,
    0,
    1000,
    -1,
    -1,
    -1,
    -1,
    -3,
    0,
    -2,
    50,
    -3,
    350,
    -3,
    0,
    -3,
    -3,
    -3,
    750,
    0
  ],
  [
    0,
    -3,
    0,
    0,
    700,
    800,
    -1,
    0,
    -3,
    650,
    0,
    0,
    -2,
    -3,
    -2,
    0,
    0,
    600,
    0,
    0,
    500
  ],
  [
    -3,
    1050,
    -1,
    0,
    -1,
    0,
    -3,
    -3,
    -3,
    50,
    -1,
    0,
    0,
    1150,
    0,
    -3,
    -3,
    -3,
    -1,
    -2,
    -2
  ],
  [
    0,
    0,
    -1,
    0,
    -1,
    -3,
    0,
    -3,
    0,
    -1,
    0,
    -1,
    0,
    1150,
    -2,
    -2,
    -2,
    -1,
    350,
    -1,
    -2
  ]
]