[
  [
    0,
    -2,
    -2,
    0,
    -2,
    100,
    -2,
    -1,
    0,
    -3,
    0,
    -3,
    -3,
    0,
    0,
    0,
    0,
    50,
    -3,
    0,
    -3
  ],
  [
    -2,
    -2,
    -1,
    -2,
    -1,
    100,
    -3,
    0,
    -2,
    0,
    -3,
    0,
    0,
    0,
    -2,
    -1,
    0,
    0,
    0,
    -3,
    0
  ],
  [
    -3,
    -2,
    -1,
    -3,
    -1,
    0,
    100,
    -3,
    -2,
    150,
    0,
    0,
    -1,
    -2,
    500,
    -2,
    0,
    -2,
    0,
    -2,
    0
  ],
  [
    0,
    -3,
    -3,
    0,
    -2,
    -2,
    -2,
    -2,
    0,
    -2,
    -2,
    250,
    0,
    100,
    -2,
    350,
    -3,
    -3,
    -3,
    -2,
    0
  ],
  [
    -3,
    -3,
    50,
    -3,
    -1,
    0,
    -1,
    0,
    -2,
    -2,
    0,
    -2,
    150,
    -3,
    0,
    0,
    -3,
    0,
    -3,
    -2,
    0
  ],
  [
    -3,
    0,
    0,
    0,
    -1,
    -1,
    -1,
    -1,
    -3,
    0,
    -2,
    0,
    -3,
    600,
    -3,
    0,
    -3,
    -3,
    -3,
    0,
    0
  ],
  [
    1100,
    -3,
    0,
    850,
    250,
    0,
    -1,
    1150,
    -3,
    0,
    400,
    0,
    -2,
    -3,
    -2,
    0,
    0,
    0,
    0,
    100,
    0
  ],
  [
    -3,
    0,
    -1,
    0,
    -1,
    0,
    -3,
    -3,
    -3,
    0,
    -1,
    0,
    0,
    0,
    0,
    -3,
    -3,
    -3,
    -1,
    -2,
    -2
  ],
  [
    0,
    450,
    -1,
    0,
    -1,
    -3,
    0,
    -3,
    0,
    -1,
    0,
    -1,
    0,
    0,
    -2,
    -2,
    -2,
    -1,
    0,
    -1,
    -2
  ]
]