[
  [
    0,
    -2,
    -2,
    0,
    -2,
    700,
    -2,
    -1,
    500,
    -3,
    0,
    -3,
    -3,
    0,
    0,
    0,
    0,
    0,
    -3,
    1000,
    -3
  ],
  [
    -2,
    -2,
    -1,
    -2,
    -1,
    0,
    -3,
    350,
    -2,
    500,
    -3,
    0,
    0,
    0,
    -2,
    -1,
    950,
    1050,
    50,
    -3,
    0
  ],
  [
    -3,
    -2,
    -1,
    -3,
    -1,
    0,
    0,
    -3,
    -2,
    400,
    0,
    0,
    -1,
    -2,
    0,
    -2,
    0,
    -2,
    0,
    -2,
    0
  ],
  [
    500,
    -3,
    -3,
    0,
    -2,
    -2,
    -2,
    -2,
    750,
    -2,
    -2,
    100,
    0,
    0,
    -2,
    0,
    -3,
    -3,
    -3,
    -2,
    0
  ],
  [
    -3,
    -3,
    0,
    -3,
    -1,
    1150,
    -1,
    0,
    -2,
    -2,
    750,
    -2,
    0,
    -3,
    0,
    100,
    -3,
    750,
    -3,
    -2,
    0
  ],
  [
    -3,
    0,
    600,
    0,
    -1,
    -1,
    -1,
    -1,
    -3,
    0,
    -2,
    0,
    -3,
    0,
    -3,
    0,
    -3,
    -3,
    -3,
    0,
    600
  ],
  [
    0,
    -3,
    0,
    0,
    0,
    0,
    -1,
    1000,
    -3,
    0,
    0,
    250,
    -2,
    -3,
    -2,
    0,
    0,
    0,
    0,
    0,
    0
  ],
  [
    -3,
    0,
    -1,
    0,
    -1,
    0,
    -3,
    -3,
    -3,
    0,
    -1,
    750,
    0,
    0,
    0,
    -3,
    -3,
    -3,
    -1,
    -2,
    -2
  ],
  [
    0,
    0,
    -1,
    0,
    -1,
    -3,
    1100,
    -3,
    0,
    -1,
    0,
    -1,
    0,
    600,
    -2,
    -2,
    -2,
    -1,
    0,
    -1,
    -2
  ]
]