[
  [
    450,
    -2,
    -2,
    0,
    -2,
    0,
    -2,
    -1,
    0,
    -3,
    0,
    -3,
    -3,
    650,
    0,
    1000,
    0,
    0,
    -3,
    250,
    -3
  ],
  [
    -2,
    -2,
    -1,
    -2,
    -1,
    0,
    -3,
    1150,
    -2,
    0,
    -3,
    0,
    0,
    1050,
    -2,
    -1,
    0,
    0,
    0,
    -3,
    1000
  ],
  [
    -3,
    -2,
    -1,
    -3,
    -1,
    0,
    650,
    -3,
    -2,
    0,
    0,
    0,
    -1,
    -2,
    0,
    -2,
    0,
    -2,
    0,
    -2,
    0
  ],
  [
    0,
    -3,
    -3,
    0,
    -2,
    -2,
    -2,
    -2,
    400,
    -2,
    -2,
    0,
    0,
    0,
    -2,
    0,
    -3,
    -3,
    -3,
    -2,
    0
  ],
  [
    -3,
    -3,
    0,
    -3,
    -1,
    850,
    -1,
    400,
    -2,
    -2,
    0,
    -2,
    1000,
    -3,
    0,
    0,
    -3,
    0,
    -3,
    -2,
    300
  ],
  [
    -3,
    0,
    0,
    0,
    -1,
    -1,
    -1,
    -1,
    -3,
    500,
    -2,
    0,
    -3,
    0,
    -3,
    400,
    -3,
    -3,
    -3,
    550,
    0
  ],
  [
    500,
    -3,
    0,
    0,
    0,
    0,
    -1,
    0,
    -3,
    0,
    0,
    0,
    -2,
    -3,
    -2,
    0,
    800,
    0,
    0,
    0,
    0
  ],
  [
    -3,
    550,
    -1,
    0,
    -1,
    750,
    -3,
    -3,
    -3,
    0,
    -1,
    0,
    0,
    0,
    300,
    -3,
    -3,
    -3,
    -1,
    -2,
    -2
  ],
  [
    1150,
    0,
    -1,
    950,
    -1,
    -3,
    0,
    -3,
    0,
    -1,
    0,
    -1,
    1000,
    0,
    -2,
    -2,
    -2,
    -1,
    0,
    -1,
    -2
  ]
]