[
  [
    0,
    -2,
    650,
    -2,
    450,
    -1,
    0,
    0,
    0,
    0,
    -1,
    -2,
    -2,
    -2,
    150,
    0,
    250,
    0,
    0,
    -2,
    500
  ],
  [
    -2,
    -2,
    -2,
    -2,
    -1,
    0,
    -1,
    -1,
    -1,
    -1,
    -3,
    0,
    -2,
    -2,
    -2,
    -2,
    -3,
    -3,
    1050,
    -2,
    -1
  ],
  [
    -2,
    -2,
    0,
    -2,
    0,
    -2,
    0,
    -2,
    -3,
    -3,
    -2,
    0,
    -3,
    -2,
    -2,
    550,
    -3,
    -3,
    0,
    0,
    0
  ],
  [
    0,
    -3,
    -3,
    -2,
    300,
    0,
    -1,
    0,
    0,
    -3,
    -2,
    0,
    0,
    0,
    -1,
    700,
    0,
    -1,
    -1,
    -1,
    -2
  ],
  [
    -2,
    0,
    0,
    0,
    -1,
    0,
    -1,
    0,
    0,
    -3,
    -2,
    0,
    -3,
    0,
    0,
    0,
    -1,
    -3,
    -3,
    -2,
    -1
  ],
  [
    -1,
    -3,
    -1,
    -3,
    250,
    -2,
    0,
    0,
    -2,
    -1,
    150,
    -3,
    0,
    -2,
    0,
    -3,
    0,
    -2,
    -3,
    -2,
    0
  ],
  [
    -2,
    -3,
    -1,
    -3,
    -1,
    0,
    -1,
    -3,
    -2,
    -1,
    0,
    -1,
    0,
    -1,
    450,
    -1,
    1050,
    -2,
    -3,
    -3,
    -1
  ],
  [
    0,
    -3,
    -1,
    -3,
    0,
    -2,
    -3,
    -3,
    0,
    600,
    950,
    0,
    -2,
    750,
    -2,
    -3,
    -3,
    -3,
    -3,
    0,
    -1
  ],
  [
    350,
    -3,
    -1,
    -3,
    -1,
    -1,
    -2,
    -2,
    700,
    -1,
    50,
    -2,
    0,
    -2,
    0,
    0,
    -2,
    -3,
    -3,
    0,
    0
  ]
]