[
  [
    0,
    -2,
    -2,
    0,
    -2,
    0,
    -2,
    -1,
    0,
    -3,
    0,
    -3,
    -3,
    450,
    0,
    0,
    0,
    250,
    -3,
    0,
    -3
  ],
  [
    -2,
    -2,
    -1,
    -2,
    -1,
    0,
    -3,
    0,
    -2,
    0,
    -3,
    0,
    0,
    0,
    -2,
    -1,
    0,
    0,
    200,
    -3,
    0
  ],
  [
    -3,
    -2,
    -1,
    -3,
    -1,
    0,
    0,
    -3,
    -2,
    0,
    1100,
    0,
    -1,
    -2,
    750,
    -2,
    1050,
    -2,
    0,
    -2,
    0
  ],
  [
    250,
    -3,
    -3,
    0,
    -2,
    -2,
    -2,
    -2,
    600,
    -2,
    -2,
    0,
    250,
    200,
    -2,
    0,
    -3,
    -3,
    -3,
    -2,
    0
  ],
  [
    -3,
    -3,
    1150,
    -3,
    -1,
    350,
    -1,
    0,
    -2,
    -2,
    0,
    -2,
    0,
    -3,
    100,
    350,
    -3,
    450,
    -3,
    -2,
    800
  ],
  [
    -3,
    0,
    0,
    0,
    -1,
    -1,
    -1,
    -1,
    -3,
    0,
    -2,
    0,
    -3,
    900,
    -3,
    200,
    -3,
    -3,
    -3,
    0,
    750
  ],
  [
    0,
    -3,
    0,
    600,
    0,
    0,
    -1,
    700,
    -3,
    0,
    0,
    0,
    -2,
    -3,
    -2,
    0,
    0,
    950,
    0,
    300,
    0
  ],
  [
    -3,
    600,
    -1,
    0,
    -1,
    0,
    -3,
    -3,
    -3,
    0,
    -1,
    0,
    0,
    0,
    0,
    -3,
    -3,
    -3,
    -1,
    -2,
    -2
  ],
  [
    0,
    0,
    -1,
    0,
    -1,
    -3,
    0,
    -3,
    0,
    -1,
    0,
    -1,
    300,
    0,
    -2,
    -2,
    -2,
    -1,
    0,
    -1,
    -2
  ]
]