[
  [
    0,
    -2,
    -2,
    0,
    -2,
    0,
    -2,
    -1,
    0,
    -3,
    0,
    -3,
    -3,
    0,
    0,
    0,
    0,
    0,
    -3,
    250,
    -3
  ],
  [
    -2,
    -2,
    -1,
    -2,
    -1,
    0,
    -3,
    850,
    -2,
    100,
    -3,
    0,
    0,
    0,
    -2,
    -1,
    0,
    0,
    100,
    -3,
    0
  ],
  [
    -3,
    -2,
    -1,
    -3,
    -1,
    400,
    0,
    -3,
    -2,
    0,
    0,
    0,
    -1,
    -2,
    0,
    -2,
    0,
    -2,
    300,
    -2,
    0
  ],
  [
    0,
    -3,
    -3,
    750,
    -2,
    -2,
    -2,
    -2,
    400,
    -2,
    -2,
    400,
    0,
    0,
    -2,
    600,
    -3,
    -3,
    -3,
    -2,
    0
  ],
  [
    -3,
    -3,
    0,
    -3,
    -1,
    550,
    -1,
    0,
    -2,
    -2,
    0,
    -2,
    0,
    -3,
    600,
    0,
    -3,
    0,
    -3,
    -2,
    0
  ],
  [
    -3,
    0,
    0,
    0,
    -1,
    -1,
    -1,
    -1,
    -3,
    500,
    -2,
    900,
    -3,
    0,
    -3,
    150,
    -3,
    -3,
    -3,
    0,
    150
  ],
  [
    0,
    -3,
    0,
    0,
    0,
    0,
    -1,
    0,
    -3,
    0,
    0,
    0,
    -2,
    -3,
    -2,
    800,
    500,
    0,
    550,
    0,
    0
  ],
  [
    -3,
    0,
    -1,
    0,
    -1,
    0,
    -3,
    -3,
    -3,
    0,
    -1,
    850,
    0,
    0,
    900,
    -3,
    -3,
    -3,
    -1,
    -2,
    -2
  ],
  [
    0,
    0,
    -1,
    0,
    -1,
    -3,
    0,
    -3,
    0,
    -1,
    0,
    -1,
    600,
    0,
    -2,
    -2,
    -2,
    -1,
    0,
    -1,
    -2
  ]
]