[
  [
    0,
    -2,
    -2,
    0,
    -2,
    0,
    -2,
    -1,
    0,
    -3,
    0,
    -3,
    -3,
    0,
    1150,
    0,
    0,
    0,
    -3,
    0,
    -3
  ],
  [
    -2,
    -2,
    -1,
    -2,
    -1,
    0,
    -3,
    0,
    -2,
    0,
    -3,
    0,
    0,
    0,
    -2,
    -1,
    0,
    0,
    0,
    -3,
    0
  ],
  [
    -3,
    -2,
    -1,
    -3,
    -1,
    0,
    200,
    -3,
    -2,
    0,
    0,
    0,
    -1,
    -2,
    0,
    -2,
    550,
    -2,
    50,
    -2,
    0
  ],
  [
    0,
    -3,
    -3,
    0,
    -2,
    -2,
    -2,
    -2,
    0,
    -2,
    -2,
    0,
    0,
    0,
    -2,
    0,
    -3,
    -3,
    -3,
    -2,
    450
  ],
  [
    -3,
    -3,
    0,
    -3,
    -1,
    0,
    -1,
    0,
    -2,
    -2,
    0,
    -2,
    0,
    -3,
    0,
    650,
    -3,
    50,
    -3,
    -2,
    0
  ],
  [
    -3,
    950,
    0,
    0,
    -1,
    -1,
    -1,
    -1,
    -3,
    1150,
    -2,
    750,
    -3,
    0,
    -3,
    0,
    -3,
    -3,
    -3,
    0,
    0
  ],
  [
    0,
    -3,
    0,
    0,
    700,
    0,
    -1,
    0,
    -3,
    0,
    0,
    750,
    -2,
    -3,
    -2,
    0,
    0,
    0,
    0,
    0,
    150
  ],
  [
    -3,
    100,
    -1,
    0,
    -1,
    0,
    -3,
    -3,
    -3,
    0,
    -1,
    0,
    150,
    0,
    0,
    -3,
    -3,
    -3,
    -1,
    -2,
    -2
  ],
  [
    0,
    850,
    -1,
    0,
    -1,
    -3,
    0,
    -3,
    800,
    -1,
    300,
    -1,
    0,
    900,
    -2,
    -2,
    -2,
    -1,
    750,
    -1,
    -2
  ]
]