[
  [
    0,
    -2,
    -2,
    0,
    -2,
    0,
    -2,
    -1,
    0,
    -3,
    100,
    -3,
    -3,
    0,
    0,
    0,
    0,
    1000,
    -3,
    50,
    -3
  ],
  [
    -2,
    -2,
    -1,
    -2,
    -1,
    0,
    -3,
    0,
    -2,
    0,
    -3,
    0,
    0,
    0,
    -2,
    -1,
    0,
    0,
    0,
    -3,
    0
  ],
  [
    -3,
    -2,
    -1,
    -3,
    -1,
    0,
    0,
    -3,
    -2,
    0,
    0,
    0,
    -1,
    -2,
    0,
    -2,
    0,
    -2,
    500,
    -2,
    0
  ],
  [
    0,
    -3,
    -3,
    0,
    -2,
    -2,
    -2,
    -2,
    1150,
    -2,
    -2,
    0,
    0,
    1150,
    -2,
    250,
    -3,
    -3,
    -3,
    -2,
    0
  ],
  [
    -3,
    -3,
    100,
    -3,
    -1,
    0,
    -1,
    0,
    -2,
    -2,
    0,
    -2,
    0,
    -3,
    0,
    0,
    -3,
    250,
    -3,
    -2,
    250
  ],
  [
    -3,
    0,
    0,
    0,
    -1,
    -1,
    -1,
    -1,
    -3,
    0,
    -2,
    150,
    -3,
    0,
    -3,
    0,
    -3,
    -3,
    -3,
    0,
    0
  ],
  [
    0,
    -3,
    1100,
    350,
    0,
    950,
    -1,
    650,
    -3,
    0,
    800,
    0,
    -2,
    -3,
    -2,
    750,
    500,
    0,
    0,
    1150,
    950
  ],
  [
    -3,
    0,
    -1,
    0,
    -1,
    0,
    -3,
    -3,
    -3,
    0,
    -1,
    0,
    0,
    0,
    0,
    -3,
    -3,
    -3,
    -1,
    -2,
    -2
  ],
  [
    0,
    250,
    -1,
    0,
    -1,
    -3,
    0,
    -3,
    450,
    -1,
    0,
    -1,
    200,
    0,
    -2,
    -2,
    -2,
    -1,
    100,
    -1,
    -2
  ]
]