[
  [
    0,
    -2,
    -2,
    0,
    -2,
    0,
    -2,
    -1,
    600,
    -3,
    0,
    -3,
    -3,
    0,
    0,
    0,
    0,
    0,
    -3,
    0,
    -3
  ],
  [
    -2,
    -2,
    -1,
    -2,
    -1,
    0,
    -3,
    400,
    -2,
    0,
    -3,
    0,
    0,
    0,
    -2,
    -1,
    0,
    150,
    0,
    -3,
    0
  ],
  [
    -3,
    -2,
    -1,
    -3,
    -1,
    0,
    0,
    -3,
    -2,
    0,
    0,
    0,
    -1,
    -2,
    0,
    -2,
    0,
    -2,
    500,
    -2,
    200
  ],
  [
    1100,
    -3,
    -3,
    0,
    -2,
    -2,
    -2,
    -2,
    550,
    -2,
    -2,
    0,
    0,
    0,
    -2,
    1100,
    -3,
    -3,
    -3,
    -2,
    0
  ],
  [
    -3,
    -3,
    0,
    -3,
    -1,
    0,
    -1,
    0,
    -2,
    -2,
    450,
    -2,
    0,
    -3,
    0,
    0,
    -3,
    0,
    -3,
    -2,
    0
  ],
  [
    -3,
    0,
    50,
    1050,
    -1,
    -1,
    -1,
    -1,
    -3,
    0,
    -2,
    0,
    -3,
    0,
    -3,
    0,
    -3,
    -3,
    -3,
    0,
    0
  ],
  [
    0,
    -3,
    0,
    0,
    200,
    0,
    -1,
    450,
    -3,
    700,
    550,
    0,
    -2,
    -3,
    -2,
    0,
    0,
    0,
    1000,
    50,
    0
  ],
  [
    -3,
    0,
    -1,
    0,
    -1,
    200,
    -3,
    -3,
    -3,
    0,
    -1,
    850,
    950,
    0,
    700,
    -3,
    -3,
    -3,
    -1,
    -2,
    -2
  ],
  [
    100,
    0,
    -1,
    0,
    -1,
    -3,
    0,
    -3,
    0,
    -1,
    0,
    -1,
    0,
    0,
    -2,
    -2,
    -2,
    -1,
    0,
    -1,
    -2
  ]
]