[
  [
    0,
    -2,
    -2,
    1050,
    -2,
    0,
    -2,
    -1,
    0,
    -3,
    0,
    -3,
    -3,
    0,
    600,
    0,
    400,
    150,
    -3,
    0,
    -3
  ],
  [
    -2,
    -2,
    -1,
    -2,
    -1,
    0,
    -3,
    0,
    -2,
    0,
    -3,
    0,
    0,
    0,
    -2,
    -1,
    0,
    0,
    0,
    -3,
    0
  ],
  [
    -3,
    -2,
    -1,
    -3,
    -1,
    0,
    400,
    -3,
    -2,
    0,
    250,
    0,
    -1,
    -2,
    0,
    -2,
    0,
    -2,
    1100,
    -2,
    0
  ],
  [
    0,
    -3,
    -3,
    0,
    -2,
    -2,
    -2,
    -2,
    0,
    -2,
    -2,
    400,
    750,
    0,
    -2,
    0,
    -3,
    -3,
    -3,
    -2,
    550
  ],
  [
    -3,
    -3,
    0,
    -3,
    -1,
    0,
    -1,
    0,
    -2,
    -2,
    0,
    -2,
    500,
    -3,
    0,
    0,
    -3,
    0,
    -3,
    -2,
    0
  ],
  [
    -3,
    0,
    250,
    0,
    -1,
    -1,
    -1,
    -1,
    -3,
    0,
    -2,
    0,
    -3,
    650,
    -3,
    0,
    -3,
    -3,
    -3,
    800,
    0
  ],
  [
    0,
    -3,
    0,
    0,
    0,
    450,
    -1,
    0,
    -3,
    0,
    0,
    0,
    -2,
    -3,
    -2,
    1050,
    0,
    0,
    800,
    0,
    0
  ],
  [
    -3,
    0,
    -1,
    850,
    -1,
    0,
    -3,
    -3,
    -3,
    0,
    -1,
    0,
    0,
    0,
    0,
    -3,
    -3,
    -3,
    -1,
    -2,
    -2
  ],
  [
    0,
    750,
    -1,
    0,
    -1,
    -3,
    0,
    -3,
    150,
    -1,
    0,
    -1,
    0,
    0,
    -2,
    -2,
    -2,
    -1,
    0,
    -1,
    -2
  ]
]