[
  [
    0,
    -2,
    -2,
    0,
    -2,
    0,
    -2,
    -1,
    0,
    -3,
    0,
    -3,
    -3,
    0,
    0,
    0,
    200,
    100,
    -3,
    0,
    -3
  ],
  [
    -2,
    -2,
    -1,
    -2,
    -1,
    0,
    -3,
    0,
    -2,
    150,
    -3,
    50,
    0,
    0,
    -2,
    -1,
    0,
    450,
    0,
    -3,
    600
  ],
  [
    -3,
    -2,
    -1,
    -3,
    -1,
    300,
    0,
    -3,
    -2,
    0,
    0,
    0,
    -1,
    -2,
    1050,
    -2,
    1100,
    -2,
    0,
    -2,
    0
  ],
  [
    250,
    -3,
    -3,
    0,
    -2,
    -2,
    -2,
    -2,
    0,
    -2,
    -2,
    0,
    0,
    0,
    -2,
    0,
    -3,
    -3,
    -3,
    -2,
    0
  ],
  [
    -3,
    -3,
    850,
    -3,
    -1,
    350,
    -1,
    0,
    -2,
    -2,
    0,
    -2,
    0,
    -3,
    800,
    1000,
    -3,
    350,
    -3,
    -2,
    0
  ],
  [
    -3,
    0,
    300,
    1050,
    -1,
    -1,
    -1,
    -1,
    -3,
    0,
    -2,
    0,
    -3,
    900,
    -3,
    0,
    -3,
    -3,
    -3,
    0,
    0
  ],
  [
    100,
    -3,
    0,
    0,
    0,
    0,
    -1,
    200,
    -3,
    0,
    0,
    0,
    -2,
    -3,
    -2,
    0,
    0,
    0,
    0,
    500,
    0
  ],
  [
    -3,
    950,
    -1,
    900,
    -1,
    0,
    -3,
    -3,
    -3,
    0,
    -1,
    0,
    0,
    1150,
    0,
    -3,
    -3,
    -3,
    -1,
    -2,
    -2
  ],
  [
    0,
    0,
    -1,
    0,
    -1,
    -3,
    0,
    -3,
    0,
    -1,
    0,
    -1,
    0,
    0,
    -2,
    -2,
    -2,
    -1,
    0,
    -1,
    -2
  ]
]