[
  [
    0,
    -2,
    -2,
    0,
    -2,
    0,
    -2,
    -1,
    0,
    -3,
    0,
    -3,
    -3,
    0,
    500,
    0,
    0,
    400,
    -3,
    0,
    -3
  ],
  [
    -2,
    -2,
    -1,
    -2,
    -1,
    0,
    -3,
    0,
    -2,
    0,
    -3,
    0,
    0,
    0,
    -2,
    -1,
    0,
    0,
    0,
    -3,
    0
  ],
  [
    -3,
    -2,
    -1,
    -3,
    -1,
    600,
    100,
    -3,
    -2,
    0,
    0,
    750,
    -1,
    -2,
    1050,
    -2,
    0,
    -2,
    600,
    -2,
    800
  ],
  [
    750,
    -3,
    -3,
    0,
    -2,
    -2,
    -2,
    -2,
    0,
    -2,
    -2,
    0,
    0,
    0,
    -2,
    0,
    -3,
    -3,
    -3,
    -2,
    0
  ],
  [
    -3,
    -3,
    0,
    -3,
    -1,
    0,
    -1,
    0,
    -2,
    -2,
    0,
    -2,
    0,
    -3,
    0,
    750,
    -3,
    0,
    -3,
    -2,
    0
  ],
  [
    -3,
    0,
    0,
    300,
    -1,
    -1,
    -1,
    -1,
    -3,
    200,
    -2,
    0,
    -3,
    550,
    -3,
    450,
    -3,
    -3,
    -3,
    1050,
    0
  ],
  [
    50,
    -3,
    50,
    0,
    0,
    0,
    -1,
    0,
    -3,
    0,
    0,
    0,
    -2,
    -3,
    -2,
    0,
    0,
    0,
    0,
    300,
    0
  ],
  [
    -3,
    0,
    -1,
    0,
    -1,
    0,
    -3,
    -3,
    -3,
    900,
    -1,
    0,
    0,
    0,
    1000,
    -3,
    -3,
    -3,
    -1,
    -2,
    -2
  ],
  [
    0,
    250,
    -1,
    0,
    -1,
    -3,
    0,
    -3,
    0,
    -1,
    0,
    -1,
    0,
    0,
    -2,
    -2,
    -2,
    -1,
    1150,
    -1,
    -2
  ]
]