[
  [
    700,
    -2,
    -2,
    100,
    -2,
    250,
    -2,
    -1,
    0,
    -3,
    0,
    -3,
    -3,
    0,
    400,
    0,
    0,
    0,
    -3,
    0,
    -3
  ],
  [
    -2,
    -2,
    -1,
    -2,
    -1,
    0,
    -3,
    0,
    -2,
    900,
    -3,
    0,
    0,
    0,
    -2,
    -1,
    0,
    0,
    0,
    -3,
    0
  ],
  [
    -3,
    -2,
    -1,
    -3,
    -1,
    1100,
    0,
    -3,
    -2,
    0,
    0,
    0,
    -1,
    -2,
    0,
    -2,
    0,
    -2,
    1050,
    -2,
    0
  ],
  [
    0,
    -3,
    -3,
    650,
    -2,
    -2,
    -2,
    -2,
    0,
    -2,
    -2,
    0,
    1100,
    0,
    -2,
    0,
    -3,
    -3,
    -3,
    -2,
    0
  ],
  [
    -3,
    -3,
    0,
    -3,
    -1,
    1150,
    -1,
    300,
    -2,
    -2,
    0,
    -2,
    0,
    -3,
    350,
    0,
    -3,
    0,
    -3,
    -2,
    50
  ],
  [
    -3,
    450,
    0,
    900,
    -1,
    -1,
    -1,
    -1,
    -3,
    0,
    -2,
    0,
    -3,
    0,
    -3,
    850,
    -3,
    -3,
    -3,
    450,
    0
  ],
  [
    0,
    -3,
    0,
    0,
    0,
    0,
    -1,
    0,
    -3,
    0,
    0,
    0,
    -2,
    -3,
    -2,
    250,
    0,
    0,
    0,
    0,
    0
  ],
  [
    -3,
    0,
    -1,
    0,
    -1,
    0,
    -3,
    -3,
    -3,
    950,
    -1,
    200,
    0,
    0,
    0,
    -3,
    -3,
    -3,
    -1,
    -2,
    -2
  ],
  [
    0,
    0,
    -1,
    450,
    -1,
    -3,
    0,
    -3,
    0,
    -1,
    0,
    -1,
    0,
    1000,
    -2,
    -2,
    -2,
    -1,
    0,
    -1,
    -2
  ]
]