[
  [
    0,
    -2,
    -2,
    0,
    -2,
    0,
    -2,
    -1,
    0,
    -3,
    0,
    -3,
    -3,
    0,
    250,
    850,
    0,
    300,
    -3,
    0,
    -3
  ],
  [
    -2,
    -2,
    -1,
    -2,
    -1,
    0,
    -3,
    0,
    -2,
    0,
    -3,
    100,
    0,
    350,
    -2,
    -1,
    0,
    0,
    0,
    -3,
    0
  ],
  [
    -3,
    -2,
    -1,
    -3,
    -1,
    300,
    0,
    -3,
    -2,
    0,
    950,
    0,
    -1,
    -2,
    550,
    -2,
    0,
    -2,
    0,
    -2,
    750
  ],
  [
    0,
    -3,
    -3,
    700,
    -2,
    -2,
    -2,
    -2,
    0,
    -2,
    -2,
    850,
    0,
    0,
    -2,
    0,
    -3,
    -3,
    -3,
    -2,
    1000
  ],
  [
    -3,
    -3,
    0,
    -3,
    -1,
    0,
    -1,
    0,
    -2,
    -2,
    0,
    -2,
    0,
    -3,
    0,
    0,
    -3,
    1050,
    -3,
    -2,
    0
  ],
  [
    -3,
    900,
    1150,
    0,
    -1,
    -1,
    -1,
    -1,
    -3,
    0,
    -2,
    950,
    -3,
    0,
    -3,
    0,
    -3,
    -3,
    -3,
    0,
    500
  ],
  [
    350,
    -3,
    0,
    0,
    0,
    0,
    -1,
    0,
    -3,
    650,
    0,
    0,
    -2,
    -3,
    -2,
    0,
    0,
    0,
    0,
    0,
    0
  ],
  [
    -3,
    0,
    -1,
    0,
    -1,
    400,
    -3,
    -3,
    -3,
    0,
    -1,
    0,
    0,
    0,
    0,
    -3,
    -3,
    -3,
    -1,
    -2,
    -2
  ],
  [
    0,
    0,
    -1,
    0,
    -1,
    -3,
    0,
    -3,
    0,
    -1,
    0,
    -1,
    0,
    200,
    -2,
    -2,
    -2,
    -1,
    200,
    -1,
    -2
  ]
]