[
  [
    0,
    -2,
    0,
    -2,
    1000,
    -1,
    0,
    0,
    0,
    850,
    -1,
    -2,
    -2,
    -2,
    450,
    0,
    0,
    0,
    0,
    -2,
    0
  ],
  [
    -2,
    -2,
    -2,
    -2,
    -1,
    0,
    -1,
    -1,
    -1,
    -1,
    -3,
    0,
    -2,
    -2,
    -2,
    -2,
    -3,
    -3,
    0,
    -2,
    -1
  ],
  [
    -2,
    -2,
    0,
    -2,
    0,
    -2,
    0,
    -2,
    -3,
    -3,
    -2,
    0,
    -3,
    -2,
    -2,
    0,
    -3,
    -3,
    900,
    100,
    0
  ],
  [
    50,
    -3,
    -3,
    -2,
    0,
    0,
    -1,
    0,
    1150,
    -3,
    -2,
    1100,
    0,
    0,
    -1,
    1000,
    0,
    -1,
    -1,
    -1,
    -2
  ],
  [
    -2,
    0,
    0,
    550,
    -1,
    200,
    -1,
    0,
    0,
    -3,
    -2,
    300,
    -3,
    100,
    0,
    0,
    -1,
    -3,
    -3,
    -2,
    -1
  ],
  [
    -1,
    -3,
    -1,
    -3,
    650,
    -2,
    0,
    0,
    -2,
    -1,
    0,
    -3,
    0,
    -2,
    0,
    -3,
    0,
    -2,
    -3,
    -2,
    0
  ],
  [
    -2,
    -3,
    -1,
    -3,
    -1,
    0,
    -1,
    -3,
    -2,
    -1,
    100,
    -1,
    0,
    -1,
    0,
    -1,
    0,
    -2,
    -3,
    -3,
    -1
  ],
  [
    900,
    -3,
    -1,
    -3,
    300,
    -2,
    -3,
    -3,
    0,
    0,
    0,
    0,
    -2,
    0,
    -2,
    -3,
    -3,
    -3,
    -3,
    0,
    -1
  ],
  [
    0,
    -3,
    -1,
    -3,
    -1,
    -1,
    -2,
    -2,
    1050,
    -1,
    600,
    -2,
    0,
    -2,
    950,
    550,
    -2,
    -3,
    -3,
    600,
    250
  ]
]