[
  [
    0,
    -2,
    -2,
    0,
    -2,
    950,
    -2,
    -1,
    1050,
    -3,
    0,
    -3,
    -3,
    0,
    0,
    500,
    300,
    50,
    -3,
    700,
    -3
  ],
  [
    -2,
    -2,
    -1,
    -2,
    -1,
    0,
    -3,
    400,
    -2,
    0,
    -3,
    850,
    0,
    0,
    -2,
    -1,
    0,
    0,
    0,
    -3,
    0
  ],
  [
    -3,
    -2,
    -1,
    -3,
    -1,
    0,
    0,
    -3,
    -2,
    0,
    0,
    50,
    -1,
    -2,
    0,
    -2,
    1150,
    -2,
    0,
    -2,
    0
  ],
  [
    0,
    -3,
    -3,
    0,
    -2,
    -2,
    -2,
    -2,
    0,
    -2,
    -2,
    0,
    0,
    600,
    -2,
    0,
    -3,
    -3,
    -3,
    -2,
    0
  ],
  [
    -3,
    -3,
    0,
    -3,
    -1,
    0,
    -1,
    50,
    -2,
    -2,
    450,
    -2,
    0,
    -3,
    0,
    0,
    -3,
    0,
    -3,
    -2,
    0
  ],
  [
    -3,
    0,
    1050,
    0,
    -1,
    -1,
    -1,
    -1,
    -3,
    0,
    -2,
    0,
    -3,
    0,
    -3,
    0,
    -3,
    -3,
    -3,
    0,
    0
  ],
  [
    1150,
    -3,
    0,
    0,
    850,
    0,
    -1,
    0,
    -3,
    0,
    800,
    50,
    -2,
    -3,
    -2,
    0,
    200,
    0,
    0,
    900,
    150
  ],
  [
    -3,
    0,
    -1,
    0,
    -1,
    1050,
    -3,
    -3,
    -3,
    0,
    -1,
    0,
    0,
    50,
    0,
    -3,
    -3,
    -3,
    -1,
    -2,
    -2
  ],
  [
    0,
    0,
    -1,
    0,
    -1,
    -3,
    0,
    -3,
    0,
    -1,
    0,
    -1,
    0,
    0,
    -2,
    -2,
    -2,
    -1,
    0,
    -1,
    -2
  ]
]