[
  [
    1100,
    -2,
    -2,
    0,
    -2,
    0,
    -2,
    -1,
    0,
    -3,
    0,
    -3,
    -3,
    0,
    0,
    0,
    0,
    0,
    -3,
    300,
    -3
  ],
  [
    -2,
    -2,
    -1,
    -2,
    -1,
    0,
    -3,
    0,
    -2,
    0,
    -3,
    0,
    0,
    0,
    -2,
    -1,
    0,
    0,
    550,
    -3,
    0
  ],
  [
    -3,
    -2,
    -1,
    -3,
    -1,
    0,
    0,
    -3,
    -2,
    0,
    0,
    0,
    -1,
    -2,
    0,
    -2,
    0,
    -2,
    0,
    -2,
    0
  ],
  [
    0,
    -3,
    -3,
    0,
    -2,
    -2,
    -2,
    -2,
    850,
    -2,
    -2,
    0,
    600,
    0,
    -2,
    0,
    -3,
    -3,
    -3,
    -2,
    950
  ],
  [
    -3,
    -3,
    0,
    -3,
    -1,
    500,
    -1,
    450,
    -2,
    -2,
    100,
    -2,
    0,
    -3,
    50,
    0,
    -3,
    0,
    -3,
    -2,
    0
  ],
  [
    -3,
    250,
    0,
    0,
    -1,
    -1,
    -1,
    -1,
    -3,
    0,
    -2,
    900,
    -3,
    0,
    -3,
    0,
    -3,
    -3,
    -3,
    0,
    0
  ],
  [
    0,
    -3,
    0,
    1000,
    0,
    0,
    -1,
    1000,
    -3,
    0,
    0,
    1150,
    -2,
    -3,
    -2,
    0,
    0,
    0,
    0,
    0,
    0
  ],
  [
    -3,
    0,
    -1,
    750,
    -1,
    0,
    -3,
    -3,
    -3,
    450,
    -1,
    0,
    0,
    0,
    900,
    -3,
    -3,
    -3,
    -1,
    -2,
    -2
  ],
  [
    0,
    0,
    -1,
    0,
    -1,
    -3,
    0,
    -3,
    0,
    -1,
    0,
    -1,
    0,
    0,
    -2,
    -2,
    -2,
    -1,
    650,
    -1,
    -2
  ]
]