[
  [
    200,
    -1,
    0,
    0,
    0,
    0,
    0,
    -3,
    0,
    -1,
    0,
    -1,
    -3,
    250,
    0,
    0,
    -1,
    0,
    -2,
    -1,
    0
  ],
  [
    -3,
    0,
    -3,
    -2,
    0,
    -1,
    0,
    0,
    0,
    0,
    0,
    0,
    -1,
    -1,
    0,
    -1,
    450,
    0,
    -2,
    0,
    -3
  ],
  [
    -1,
    -3,
    -2,
    250,
    -1,
    -2,
    0,
    -1,
    250,
    0,
    0,
    0,
    350,
    0,
    -2,
    -1,
    0,
    0,
    -2,
    -1,
    -3
  ],
  [
    0,
    -3,
    0,
    0,
    1050,
    900,
    -2,
    0,
    -3,
    0,
    0,
    -2,
    -2,
    0,
    -2,
    0,
    0,
    0,
    1150,
    200,
    0
  ],
  [
    0,
    0,
    0,
    0,
    -1,
    -1,
    0,
    -3,
    0,
    -1,
    0,
    -3,
    -2,
    0,
    0,
    0,
    -1,
    -2,
    -1,
    -1,
    -1
  ],
  [
    -1,
    0,
    0,
    -1,
    -3,
    -3,
    -1,
    -1,
    0,
    350,
    -3,
    -2,
    0,
    0,
    0,
    0,
    -1,
    0,
    -1,
    -1,
    -3
  ],
  [
    0,
    -2,
    -1,
    -3,
    -2,
    -3,
    -3,
    -1,
    0,
    -3,
    0,
    0,
    0,
    0,
    -3,
    1100,
    -1,
    -1,
    -1,
    -3,
    0
  ],
  [
    0,
    -1,
    -3,
    -2,
    0,
    -2,
    -3,
    -1,
    0,
    0,
    500,
    0,
    -2,
    0,
    0,
    450,
    0,
    -1,
    -3,
    0,
    0
  ],
  [
    550,
    -3,
    -2,
    950,
    0,
    -2,
    -3,
    -1,
    600,
    -1,
    0,
    -2,
    0,
    -2,
    -1,
    0,
    -1,
    -3,
    0,
    200,
    0
  ]
]