[
  [
    0,
    -2,
    -2,
    0,
    -2,
    0,
    -2,
    -1,
    0,
    -3,
    150,
    -3,
    -3,
    1050,
    0,
    0,
    0,
    0,
    -3,
    0,
    -3
  ],
  [
    -2,
    -2,
    -1,
    -2,
    -1,
    0,
    -3,
    450,
    -2,
    900,
    -3,
    0,
    600,
    0,
    -2,
    -1,
    0,
    0,
    300,
    -3,
    0
  ],
  [
    -3,
    -2,
    -1,
    -3,
    -1,
    1150,
    0,
    -3,
    -2,
    0,
    0,
    0,
    -1,
    -2,
    0,
    -2,
    0,
    -2,
    250,
    -2,
    0
  ],
  [
    600,
    -3,
    -3,
    0,
    -2,
    -2,
    -2,
    -2,
    0,
    -2,
    -2,
    0,
    0,
    700,
    -2,
    350,
    -3,
    -3,
    -3,
    -2,
    600
  ],
  [
    -3,
    -3,
    0,
    -3,
    -1,
    0,
    -1,
    0,
    -2,
    -2,
    0,
    -2,
    350,
    -3,
    0,
    0,
    -3,
    0,
    -3,
    -2,
    400
  ],
  [
    -3,
    0,
    50,
    0,
    -1,
    -1,
    -1,
    -1,
    -3,
    0,
    -2,
    0,
    -3,
    1050,
    -3,
    0,
    -3,
    -3,
    -3,
    0,
    0
  ],
  [
    950,
    -3,
    0,
    0,
    0,
    0,
    -1,
    500,
    -3,
    0,
    0,
    0,
    -2,
    -3,
    -2,
    0,
    100,
    0,
    0,
    0,
    0
  ],
  [
    -3,
    0,
    -1,
    0,
    -1,
    0,
    -3,
    -3,
    -3,
    300,
    -1,
    0,
    750,
    0,
    0,
    -3,
    -3,
    -3,
    -1,
    -2,
    -2
  ],
  [
    0,
    0,
    -1,
    0,
    -1,
    -3,
    0,
    -3,
    0,
    -1,
    350,
    -1,
    0,
    0,
    -2,
    -2,
    -2,
    -1,
    0,
    -1,
    -2
  ]
]