[
  [
    0,
    -2,
    -2,
    0,
    -2,
    0,
    -2,
    -1,
    750,
    -3,
    0,
    -3,
    -3,
    300,
    0,
    150,
    200,
    0,
    -3,
    600,
    -3
  ],
  [
    -2,
    -2,
    -1,
    -2,
    -1,
    0,
    -3,
    450,
    -2,
    0,
    -3,
    0,
    0,
    0,
    -2,
    -1,
    0,
    0,
    550,
    -3,
    0
  ],
  [
    -3,
    -2,
    -1,
    -3,
    -1,
    0,
    0,
    -3,
    -2,
    0,
    600,
    0,
    -1,
    -2,
    150,
    -2,
    0,
    -2,
    600,
    -2,
    0
  ],
  [
    0,
    -3,
    -3,
    850,
    -2,
    -2,
    -2,
    -2,
    0,
    -2,
    -2,
    0,
    1100,
    0,
    -2,
    1000,
    -3,
    -3,
    -3,
    -2,
    800
  ],
  [
    -3,
    -3,
    0,
    -3,
    -1,
    0,
    -1,
    0,
    -2,
    -2,
    0,
    -2,
    400,
    -3,
    0,
    0,
    -3,
    0,
    -3,
    -2,
    850
  ],
  [
    -3,
    0,
    0,
    0,
    -1,
    -1,
    -1,
    -1,
    -3,
    850,
    -2,
    0,
    -3,
    0,
    -3,
    0,
    -3,
    -3,
    -3,
    0,
    0
  ],
  [
    0,
    -3,
    0,
    0,
    0,
    0,
    -1,
    700,
    -3,
    0,
    0,
    0,
    -2,
    -3,
    -2,
    0,
    0,
    900,
    0,
    0,
    0
  ],
  [
    -3,
    0,
    -1,
    950,
    -1,
    0,
    -3,
    -3,
    -3,
    0,
    -1,
    0,
    500,
    0,
    0,
    -3,
    -3,
    -3,
    -1,
    -2,
    -2
  ],
  [
    0,
    350,
    -1,
    800,
    -1,
    -3,
    0,
    -3,
    0,
    -1,
    0,
    -1,
    0,
    0,
    -2,
    -2,
    -2,
    -1,
    0,
    -1,
    -2
  ]
]