[
  [
    900,
    -2,
    -2,
    0,
    -2,
    0,
    -2,
    -1,
    1050,
    -3,
    0,
    -3,
    -3,
    0,
    0,
    0,
    0,
    0,
    -3,
    0,
    -3
  ],
  [
    -2,
    -2,
    -1,
    -2,
    -1,
    0,
    -3,
    0,
    -2,
    0,
    -3,
    950,
    300,
    0,
    -2,
    -1,
    0,
    0,
    0,
    -3,
    0
  ],
  [
    -3,
    -2,
    -1,
    -3,
    -1,
    0,
    900,
    -3,
    -2,
    500,
    0,
    0,
    -1,
    -2,
    900,
    -2,
    0,
    -2,
    250,
    -2,
    100
  ],
  [
    900,
    -3,
    -3,
    0,
    -2,
    -2,
    -2,
    -2,
    0,
    -2,
    -2,
    350,
    0,
    0,
    -2,
    0,
    -3,
    -3,
    -3,
    -2,
    50
  ],
  [
    -3,
    -3,
    300,
    -3,
    -1,
    0,
    -1,
    0,
    -2,
    -2,
    150,
    -2,
    0,
    -3,
    200,
    0,
    -3,
    0,
    -3,
    -2,
    0
  ],
  [
    -3,
    0,
    0,
    0,
    -1,
    -1,
    -1,
    -1,
    -3,
    600,
    -2,
    200,
    -3,
    0,
    -3,
    250,
    -3,
    -3,
    -3,
    0,
    0
  ],
  [
    0,
    -3,
    0,
    0,
    0,
    0,
    -1,
    0,
    -3,
    0,
    0,
    0,
    -2,
    -3,
    -2,
    0,
    550,
    0,
    0,
    0,
    0
  ],
  [
    -3,
    0,
    -1,
    0,
    -1,
    0,
    -3,
    -3,
    -3,
    1100,
    -1,
    0,
    0,
    500,
    0,
    -3,
    -3,
    -3,
    -1,
    -2,
    -2
  ],
  [
    0,
    100,
    -1,
    0,
    -1,
    -3,
    550,
    -3,
    0,
    -1,
    0,
    -1,
    0,
    0,
    -2,
    -2,
    -2,
    -1,
    1050,
    -1,
    -2
  ]
]