[
  [
    0,
    -1,
    0,
    0,
    0,
    0,
    700,
    -3,
    1100,
    -1,
    0,
    -1,
    -3,
    850,
    0,
    600,
    -1,
    0,
    -2,
    -1,
    450
  ],
  [
    -3,
    0,
    -3,
    -2,
    0,
    -1,
    0,
    0,
    0,
    0,
    0,
    0,
    -1,
    -1,
    0,
    -1,
    0,
    0,
    -2,
    0,
    -3
  ],
  [
    -1,
    -3,
    -2,
    0,
    -1,
    -2,
    0,
    -1,
    0,
    0,
    0,
    0,
    0,
    0,
    -2,
    -1,
    0,
    0,
    -2,
    -1,
    -3
  ],
  [
    0,
    -3,
    0,
    50,
    0,
    850,
    -2,
    0,
    -3,
    300,
    0,
    -2,
    -2,
    950,
    -2,
    650,
    0,
    0,
    0,
    0,
    0
  ],
  [
    700,
    0,
    0,
    550,
    -1,
    -1,
    0,
    -3,
    0,
    -1,
    850,
    -3,
    -2,
    0,
    1050,
    0,
    -1,
    -2,
    -1,
    -1,
    -1
  ],
  [
    -1,
    0,
    0,
    -1,
    -3,
    -3,
    -1,
    -1,
    0,
    500,
    -3,
    -2,
    0,
    0,
    0,
    0,
    -1,
    0,
    -1,
    -1,
    -3
  ],
  [
    450,
    -2,
    -1,
    -3,
    -2,
    -3,
    -3,
    -1,
    0,
    -3,
    0,
    0,
    0,
    0,
    -3,
    0,
    -1,
    -1,
    -1,
    -3,
    550
  ],
  [
    0,
    -1,
    -3,
    -2,
    300,
    -2,
    -3,
    -1,
    0,
    0,
    800,
    0,
    -2,
    1000,
    0,
    0,
    0,
    -1,
    -3,
    0,
    0
  ],
  [
    0,
    -3,
    -2,
    0,
    0,
    -2,
    -3,
    -1,
    0,
    -1,
    0,
    -2,
    0,
    -2,
    -1,
    400,
    -1,
    -3,
    0,
    0,
    0
  ]
]