[
  [
    0,
    -1,
    950,
    1050,
    0,
    400,
    0,
    -3,
    900,
    -1,
    0,
    -1,
    -3,
    0,
    0,
    0,
    -1,
    0,
    -2,
    -1,
    450
  ],
  [
    -3,
    0,
    -3,
    -2,
    750,
    -1,
    0,
    0,
    200,
    0,
    0,
    850,
    -1,
    -1,
    350,
    -1,
    1050,
    450,
    -2,
    0,
    -3
  ],
  [
    -1,
    -3,
    -2,
    0,
    -1,
    -2,
    0,
    -1,
    950,
    0,
    0,
    0,
    0,
    0,
    -2,
    -1,
    0,
    0,
    -2,
    -1,
    -3
  ],
  [
    0,
    -3,
    0,
    0,
    1050,
    0,
    -2,
    0,
    -3,
    1000,
    0,
    -2,
    -2,
    0,
    -2,
    0,
    850,
    0,
    0,
    0,
    0
  ],
  [
    0,
    0,
    0,
    0,
    -1,
    -1,
    0,
    -3,
    0,
    -1,
    0,
    -3,
    -2,
    0,
    0,
    700,
    -1,
    -2,
    -1,
    -1,
    -1
  ],
  [
    -1,
    0,
    0,
    -1,
    -3,
    -3,
    -1,
    -1,
    0,
    1150,
    -3,
    -2,
    0,
    0,
    0,
    800,
    -1,
    0,
    -1,
    -1,
    -3
  ],
  [
    1100,
    -2,
    -1,
    -3,
    -2,
    -3,
    -3,
    -1,
    0,
    -3,
    0,
    0,
    650,
    0,
    -3,
    1050,
    -1,
    -1,
    -1,
    -3,
    0
  ],
  [
    0,
    -1,
    -3,
    -2,
    0,
    -2,
    -3,
    -1,
    0,
    700,
    0,
    0,
    -2,
    150,
    0,
    950,
    0,
    -1,
    -3,
    0,
    0
  ],
  [
    0,
    -3,
    -2,
    0,
    0,
    -2,
    -3,
    -1,
    0,
    -1,
    0,
    -2,
    700,
    -2,
    -1,
    0,
    -1,
    -3,
    0,
    0,
    0
  ]
]