[
  [
    0,
    -1,
    0,
    0,
    0,
    0,
    0,
    -3,
    0,
    -1,
    750,
    -1,
    -3,
    0,
    0,
    0,
    -1,
    0,
    -2,
    -1,
    0
  ],
  [
    -3,
    0,
    -3,
    -2,
    0,
    -1,
    0,
    0,
    1150,
    600,
    950,
    0,
    -1,
    -1,
    50,
    -1,
    0,
    0,
    -2,
    0,
    -3
  ],
  [
    -1,
    -3,
    -2,
    750,
    -1,
    -2,
    0,
    -1,
    0,
    550,
    0,
    0,
    550,
    0,
    -2,
    -1,
    0,
    0,
    -2,
    -1,
    -3
  ],
  [
    0,
    -3,
    0,
    0,
    100,
    0,
    -2,
    0,
    -3,
    0,
    0,
    -2,
    -2,
    0,
    -2,
    0,
    0,
    0,
    0,
    0,
    0
  ],
  [
    500,
    0,
    0,
    600,
    -1,
    -1,
    50,
    -3,
    0,
    -1,
    800,
    -3,
    -2,
    0,
    0,
    0,
    -1,
    -2,
    -1,
    -1,
    -1
  ],
  [
    -1,
    0,
    0,
    -1,
    -3,
    -3,
    -1,
    -1,
    0,
    600,
    -3,
    -2,
    0,
    500,
    0,
    0,
    -1,
    0,
    -1,
    -1,
    -3
  ],
  [
    650,
    -2,
    -1,
    -3,
    -2,
    -3,
    -3,
    -1,
    0,
    -3,
    400,
    0,
    0,
    100,
    -3,
    0,
    -1,
    -1,
    -1,
    -3,
    0
  ],
  [
    850,
    -1,
    -3,
    -2,
    0,
    -2,
    -3,
    -1,
    0,
    0,
    0,
    0,
    -2,
    0,
    600,
    50,
    0,
    -1,
    -3,
    0,
    0
  ],
  [
    1150,
    -3,
    -2,
    0,
    0,
    -2,
    -3,
    -1,
    0,
    -1,
    950,
    -2,
    850,
    -2,
    -1,
    0,
    -1,
    -3,
    0,
    0,
    0
  ]
]