[
  [
    1150,
    -1,
    600,
    0,
    0,
    0,
    0,
    -3,
    0,
    -1,
    0,
    -1,
    -3,
    0,
    400,
    550,
    -1,
    500,
    -2,
    -1,
    850
  ],
  [
    -3,
    0,
    -3,
    -2,
    0,
    -1,
    50,
    0,
    50,
    0,
    1050,
    0,
    -1,
    -1,
    0,
    -1,
    0,
    0,
    -2,
    0,
    -3
  ],
  [
    -1,
    -3,
    -2,
    0,
    -1,
    -2,
    0,
    -1,
    0,
    0,
    0,
    0,
    0,
    0,
    -2,
    -1,
    0,
    0,
    -2,
    -1,
    -3
  ],
  [
    500,
    -3,
    0,
    0,
    750,
    0,
    -2,
    0,
    -3,
    0,
    0,
    -2,
    -2,
    800,
    -2,
    0,
    1100,
    0,
    0,
    0,
    850
  ],
  [
    0,
    750,
    0,
    0,
    -1,
    -1,
    750,
    -3,
    0,
    -1,
    0,
    -3,
    -2,
    0,
    0,
    0,
    -1,
    -2,
    -1,
    -1,
    -1
  ],
  [
    -1,
    0,
    0,
    -1,
    -3,
    -3,
    -1,
    -1,
    0,
    0,
    -3,
    -2,
    0,
    0,
    0,
    0,
    -1,
    0,
    -1,
    -1,
    -3
  ],
  [
    1050,
    -2,
    -1,
    -3,
    -2,
    -3,
    -3,
    -1,
    0,
    -3,
    0,
    0,
    0,
    0,
    -3,
    0,
    -1,
    -1,
    -1,
    -3,
    0
  ],
  [
    0,
    -1,
    -3,
    -2,
    0,
    -2,
    -3,
    -1,
    800,
    0,
    0,
    750,
    -2,
    0,
    0,
    0,
    800,
    -1,
    -3,
    50,
    0
  ],
  [
    650,
    -3,
    -2,
    0,
    0,
    -2,
    -3,
    -1,
    0,
    -1,
    0,
    -2,
    0,
    -2,
    -1,
    0,
    -1,
    -3,
    700,
    0,
    0
  ]
]