[
  [
    300,
    -1,
    0,
    0,
    0,
    0,
    0,
    -3,
    0,
    -1,
    0,
    -1,
    -3,
    0,
    0,
    0,
    -1,
    0,
    -2,
    -1,
    1050
  ],
  [
    -3,
    0,
    -3,
    -2,
    0,
    -1,
    0,
    0,
    0,
    0,
    800,
    1100,
    -1,
    -1,
    0,
    -1,
    0,
    0,
    -2,
    950,
    -3
  ],
  [
    -1,
    -3,
    -2,
    200,
    -1,
    -2,
    0,
    -1,
    0,
    800,
    0,
    0,
    1000,
    0,
    -2,
    -1,
    1100,
    0,
    -2,
    -1,
    -3
  ],
  [
    0,
    -3,
    0,
    0,
    0,
    0,
    -2,
    0,
    -3,
    100,
    0,
    -2,
    -2,
    950,
    -2,
    1150,
    0,
    0,
    0,
    0,
    0
  ],
  [
    0,
    0,
    0,
    0,
    -1,
    -1,
    0,
    -3,
    0,
    -1,
    0,
    -3,
    -2,
    0,
    0,
    0,
    -1,
    -2,
    -1,
    -1,
    -1
  ],
  [
    -1,
    0,
    0,
    -1,
    -3,
    -3,
    -1,
    -1,
    300,
    0,
    -3,
    -2,
    1150,
    0,
    1050,
    0,
    -1,
    0,
    -1,
    -1,
    -3
  ],
  [
    100,
    -2,
    -1,
    -3,
    -2,
    -3,
    -3,
    -1,
    0,
    -3,
    0,
    400,
    500,
    0,
    -3,
    0,
    -1,
    -1,
    -1,
    -3,
    0
  ],
  [
    0,
    -1,
    -3,
    -2,
    0,
    -2,
    -3,
    -1,
    0,
    0,
    550,
    0,
    -2,
    0,
    0,
    0,
    0,
    -1,
    -3,
    1150,
    0
  ],
  [
    0,
    -3,
    -2,
    1150,
    0,
    -2,
    -3,
    -1,
    0,
    -1,
    0,
    -2,
    0,
    -2,
    -1,
    0,
    -1,
    -3,
    0,
    0,
    100
  ]
]