[
  [
    0,
    -1,
    0,
    0,
    600,
    0,
    0,
    -3,
    0,
    -1,
    0,
    -1,
    -3,
    0,
    0,
    0,
    -1,
    0,
    -2,
    -1,
    0
  ],
  [
    -3,
    0,
    -3,
    -2,
    0,
    -1,
    0,
    0,
    0,
    0,
    0,
    0,
    -1,
    -1,
    0,
    -1,
    0,
    0,
    -2,
    0,
    -3
  ],
  [
    -1,
    -3,
    -2,
    0,
    -1,
    -2,
    100,
    -1,
    0,
    600,
    0,
    0,
    0,
    0,
    -2,
    -1,
    450,
    0,
    -2,
    -1,
    -3
  ],
  [
    100,
    -3,
    1150,
    0,
    0,
    0,
    -2,
    0,
    -3,
    0,
    0,
    -2,
    -2,
    0,
    -2,
    0,
    0,
    650,
    0,
    0,
    0
  ],
  [
    0,
    0,
    0,
    0,
    -1,
    -1,
    200,
    -3,
    600,
    -1,
    0,
    -3,
    -2,
    500,
    0,
    0,
    -1,
    -2,
    -1,
    -1,
    -1
  ],
  [
    -1,
    0,
    700,
    -1,
    -3,
    -3,
    -1,
    -1,
    0,
    1100,
    -3,
    -2,
    50,
    350,
    0,
    0,
    -1,
    100,
    -1,
    -1,
    -3
  ],
  [
    0,
    -2,
    -1,
    -3,
    -2,
    -3,
    -3,
    -1,
    0,
    -3,
    250,
    0,
    0,
    0,
    -3,
    0,
    -1,
    -1,
    -1,
    -3,
    0
  ],
  [
    0,
    -1,
    -3,
    -2,
    0,
    -2,
    -3,
    -1,
    0,
    0,
    400,
    1150,
    -2,
    0,
    450,
    0,
    0,
    -1,
    -3,
    0,
    0
  ],
  [
    0,
    -3,
    -2,
    450,
    0,
    -2,
    -3,
    -1,
    0,
    -1,
    0,
    -2,
    400,
    -2,
    -1,
    0,
    -1,
    -3,
    250,
    0,
    850
  ]
]