[
  [
    0,
    -1,
    0,
    0,
    0,
    0,
    0,
    -3,
    0,
    -1,
    0,
    -1,
    -3,
    150,
    500,
    0,
    -1,
    0,
    -2,
    -1,
    0
  ],
  [
    -3,
    0,
    -3,
    -2,
    0,
    -1,
    850,
    0,
    0,
    0,
    0,
    0,
    -1,
    -1,
    0,
    -1,
    700,
    0,
    -2,
    0,
    -3
  ],
  [
    -1,
    -3,
    -2,
    0,
    -1,
    -2,
    0,
    -1,
    0,
    0,
    0,
    0,
    0,
    0,
    -2,
    -1,
    0,
    0,
    -2,
    -1,
    -3
  ],
  [
    350,
    -3,
    0,
    1050,
    0,
    1150,
    -2,
    0,
    -3,
    0,
    0,
    -2,
    -2,
    0,
    -2,
    0,
    0,
    0,
    0,
    0,
    0
  ],
  [
    0,
    0,
    0,
    100,
    -1,
    -1,
    0,
    -3,
    0,
    -1,
    0,
    -3,
    -2,
    950,
    0,
    800,
    -1,
    -2,
    -1,
    -1,
    -1
  ],
  [
    -1,
    650,
    0,
    -1,
    -3,
    -3,
    -1,
    -1,
    0,
    0,
    -3,
    -2,
    0,
    0,
    500,
    0,
    -1,
    350,
    -1,
    -1,
    -3
  ],
  [
    0,
    -2,
    -1,
    -3,
    -2,
    -3,
    -3,
    -1,
    0,
    -3,
    0,
    700,
    550,
    0,
    -3,
    0,
    -1,
    -1,
    -1,
    -3,
    0
  ],
  [
    0,
    -1,
    -3,
    -2,
    950,
    -2,
    -3,
    -1,
    0,
    0,
    0,
    0,
    -2,
    0,
    650,
    1050,
    0,
    -1,
    -3,
    0,
    0
  ],
  [
    0,
    -3,
    -2,
    0,
    0,
    -2,
    -3,
    -1,
    0,
    -1,
    0,
    -2,
    0,
    -2,
    -1,
    300,
    -1,
    -3,
    0,
    450,
    0
  ]
]