[
  [
    0,
    -1,
    0,
    0,
    0,
    200,
    600,
    -3,
    1150,
    -1,
    0,
    -1,
    -3,
    0,
    0,
    500,
    -1,
    0,
    -2,
    -1,
    0
  ],
  [
    -3,
    0,
    -3,
    -2,
    900,
    -1,
    0,
    50,
    0,
    0,
    0,
    0,
    -1,
    -1,
    0,
    -1,
    150,
    800,
    -2,
    0,
    -3
  ],
  [
    -1,
    -3,
    -2,
    0,
    -1,
    -2,
    0,
    -1,
    0,
    0,
    0,
    50,
    0,
    0,
    -2,
    -1,
    450,
    0,
    -2,
    -1,
    -3
  ],
  [
    0,
    -3,
    0,
    0,
    700,
    0,
    -2,
    0,
    -3,
    650,
    0,
    -2,
    -2,
    0,
    -2,
    500,
    0,
    0,
    0,
    0,
    0
  ],
  [
    0,
    0,
    0,
    0,
    -1,
    -1,
    0,
    -3,
    0,
    -1,
    0,
    -3,
    -2,
    0,
    650,
    0,
    -1,
    -2,
    -1,
    -1,
    -1
  ],
  [
    -1,
    0,
    0,
    -1,
    -3,
    -3,
    -1,
    -1,
    0,
    0,
    -3,
    -2,
    1000,
    0,
    0,
    0,
    -1,
    0,
    -1,
    -1,
    -3
  ],
  [
    0,
    -2,
    -1,
    -3,
    -2,
    -3,
    -3,
    -1,
    0,
    -3,
    0,
    0,
    0,
    0,
    -3,
    0,
    -1,
    -1,
    -1,
    -3,
    0
  ],
  [
    0,
    -1,
    -3,
    -2,
    0,
    -2,
    -3,
    -1,
    0,
    0,
    0,
    0,
    -2,
    0,
    0,
    0,
    250,
    -1,
    -3,
    0,
    1050
  ],
  [
    0,
    -3,
    -2,
    0,
    750,
    -2,
    -3,
    -1,
    0,
    -1,
    0,
    -2,
    0,
    -2,
    -1,
    0,
    -1,
    -3,
    0,
    0,
    0
  ]
]