[
  [
    0,
    -1,
    0,
    900,
    0,
    0,
    0,
    -3,
    0,
    -1,
    0,
    -1,
    -3,
    0,
    0,
    0,
    -1,
    700,
    -2,
    -1,
    0
  ],
  [
    -3,
    0,
    -3,
    -2,
    200,
    -1,
    0,
    1000,
    350,
    150,
    0,
    0,
    -1,
    -1,
    0,
    -1,
    0,
    0,
    -2,
    0,
    -3
  ],
  [
    -1,
    -3,
    -2,
    0,
    -1,
    -2,
    700,
    -1,
    0,
    0,
    0,
    0,
    0,
    0,
    -2,
    -1,
    0,
    0,
    -2,
    -1,
    -3
  ],
  [
    0,
    -3,
    0,
    0,
    250,
    500,
    -2,
    0,
    -3,
    0,
    0,
    -2,
    -2,
    0,
    -2,
    0,
    100,
    850,
    0,
    0,
    0
  ],
  [
    0,
    0,
    100,
    450,
    -1,
    -1,
    0,
    -3,
    0,
    -1,
    0,
    -3,
    -2,
    0,
    0,
    0,
    -1,
    -2,
    -1,
    -1,
    -1
  ],
  [
    -1,
    0,
    350,
    -1,
    -3,
    -3,
    -1,
    -1,
    0,
    0,
    -3,
    -2,
    0,
    0,
    0,
    200,
    -1,
    300,
    -1,
    -1,
    -3
  ],
  [
    1150,
    -2,
    -1,
    -3,
    -2,
    -3,
    -3,
    -1,
    1000,
    -3,
    0,
    0,
    0,
    0,
    -3,
    0,
    -1,
    -1,
    -1,
    -3,
    0
  ],
  [
    0,
    -1,
    -3,
    -2,
    650,
    -2,
    -3,
    -1,
    0,
    0,
    0,
    0,
    -2,
    0,
    0,
    0,
    550,
    -1,
    -3,
    0,
    0
  ],
  [
    0,
    -3,
    -2,
    0,
    750,
    -2,
    -3,
    -1,
    0,
    -1,
    0,
    -2,
    0,
    -2,
    -1,
    1100,
    -1,
    -3,
    0,
    0,
    0
  ]
]