[
  [
    0,
    -1,
    600,
    400,
    0,
    0,
    0,
    -3,
    0,
    -1,
    0,
    -1,
    -3,
    350,
    0,
    0,
    -1,
    0,
    -2,
    -1,
    0
  ],
  [
    -3,
    0,
    -3,
    -2,
    1000,
    -1,
    0,
    0,
    0,
    0,
    0,
    0,
    -1,
    -1,
    0,
    -1,
    0,
    0,
    -2,
    1000,
    -3
  ],
  [
    -1,
    -3,
    -2,
    1150,
    -1,
    -2,
    0,
    -1,
    0,
    0,
    0,
    0,
    250,
    0,
    -2,
    -1,
    0,
    1000,
    -2,
    -1,
    -3
  ],
  [
    0,
    -3,
    0,
    0,
    600,
    100,
    -2,
    0,
    -3,
    0,
    650,
    -2,
    -2,
    0,
    -2,
    0,
    0,
    0,
    0,
    0,
    0
  ],
  [
    0,
    0,
    0,
    0,
    -1,
    -1,
    0,
    -3,
    0,
    -1,
    0,
    -3,
    -2,
    0,
    500,
    0,
    -1,
    -2,
    -1,
    -1,
    -1
  ],
  [
    -1,
    0,
    0,
    -1,
    -3,
    -3,
    -1,
    -1,
    0,
    0,
    -3,
    -2,
    0,
    0,
    0,
    0,
    -1,
    0,
    -1,
    -1,
    -3
  ],
  [
    0,
    -2,
    -1,
    -3,
    -2,
    -3,
    -3,
    -1,
    700,
    -3,
    0,
    700,
    0,
    0,
    -3,
    0,
    -1,
    -1,
    -1,
    -3,
    0
  ],
  [
    950,
    -1,
    -3,
    -2,
    0,
    -2,
    -3,
    -1,
    550,
    0,
    0,
    0,
    -2,
    0,
    900,
    0,
    350,
    -1,
    -3,
    0,
    0
  ],
  [
    0,
    -3,
    -2,
    0,
    0,
    -2,
    -3,
    -1,
    400,
    -1,
    0,
    -2,
    1100,
    -2,
    -1,
    1050,
    -1,
    -3,
    0,
    0,
    0
  ]
]