[
  [
    0,
    -1,
    0,
    0,
    0,
    0,
    0,
    -3,
    0,
    -1,
    0,
    -1,
    -3,
    0,
    700,
    0,
    -1,
    1050,
    -2,
    -1,
    550
  ],
  [
    -3,
    900,
    -3,
    -2,
    400,
    -1,
    0,
    0,
    0,
    0,
    0,
    0,
    -1,
    -1,
    0,
    -1,
    0,
    0,
    -2,
    0,
    -3
  ],
  [
    -1,
    -3,
    -2,
    0,
    -1,
    -2,
    0,
    -1,
    0,
    0,
    0,
    0,
    0,
    650,
    -2,
    -1,
    0,
    0,
    -2,
    -1,
    -3
  ],
  [
    0,
    -3,
    0,
    0,
    0,
    650,
    -2,
    0,
    -3,
    300,
    0,
    -2,
    -2,
    0,
    -2,
    0,
    0,
    550,
    0,
    0,
    0
  ],
  [
    50,
    800,
    400,
    0,
    -1,
    -1,
    0,
    -3,
    0,
    -1,
    450,
    -3,
    -2,
    0,
    0,
    400,
    -1,
    -2,
    -1,
    -1,
    -1
  ],
  [
    -1,
    800,
    0,
    -1,
    -3,
    -3,
    -1,
    -1,
    0,
    0,
    -3,
    -2,
    0,
    0,
    0,
    0,
    -1,
    0,
    -1,
    -1,
    -3
  ],
  [
    1000,
    -2,
    -1,
    -3,
    -2,
    -3,
    -3,
    -1,
    50,
    -3,
    0,
    0,
    0,
    0,
    -3,
    700,
    -1,
    -1,
    -1,
    -3,
    0
  ],
  [
    150,
    -1,
    -3,
    -2,
    0,
    -2,
    -3,
    -1,
    950,
    0,
    500,
    0,
    -2,
    0,
    0,
    650,
    0,
    -1,
    -3,
    0,
    0
  ],
  [
    0,
    -3,
    -2,
    550,
    0,
    -2,
    -3,
    -1,
    0,
    -1,
    0,
    -2,
    1000,
    -2,
    -1,
    0,
    -1,
    -3,
    0,
    0,
    0
  ]
]