[
  [
    0,
    -2,
    0,
    -2,
    200,
    -1,
    850,
    0,
    600,
    200,
    -1,
    -2,
    -2,
    -2,
    1150,
    0,
    0,
    1100,
    800,
    -2,
    0
  ],
  [
    -2,
    -2,
    -2,
    -2,
    -1,
    0,
    -1,
    -1,
    -1,
    -1,
    -3,
    300,
    -2,
    -2,
    -2,
    -2,
    -3,
    -3,
    0,
    -2,
    -1
  ],
  [
    -2,
    -2,
    1100,
    -2,
    0,
    -2,
    550,
    -2,
    -3,
    -3,
    -2,
    0,
    -3,
    -2,
    -2,
    0,
    -3,
    -3,
    250,
    0,
    0
  ],
  [
    0,
    -3,
    -3,
    -2,
    0,
    0,
    -1,
    150,
    800,
    -3,
    -2,
    0,
    0,
    1100,
    -1,
    0,
    0,
    -1,
    -1,
    -1,
    -2
  ],
  [
    -2,
    0,
    0,
    0,
    -1,
    400,
    -1,
    600,
    0,
    -3,
    -2,
    0,
    -3,
    0,
    150,
    300,
    -1,
    -3,
    -3,
    -2,
    -1
  ],
  [
    -1,
    -3,
    -1,
    -3,
    0,
    -2,
    0,
    100,
    -2,
    -1,
    0,
    -3,
    0,
    -2,
    0,
    -3,
    1150,
    -2,
    -3,
    -2,
    0
  ],
  [
    -2,
    -3,
    -1,
    -3,
    -1,
    0,
    -1,
    -3,
    -2,
    -1,
    600,
    -1,
    200,
    -1,
    0,
    -1,
    50,
    -2,
    -3,
    -3,
    -1
  ],
  [
    0,
    -3,
    -1,
    -3,
    0,
    -2,
    -3,
    -3,
    0,
    0,
    0,
    50,
    -2,
    1150,
    -2,
    -3,
    -3,
    -3,
    -3,
    0,
    -1
  ],
  [
    0,
    -3,
    -1,
    -3,
    -1,
    -1,
    -2,
    -2,
    0,
    -1,
    0,
    -2,
    0,
    -2,
    0,
    0,
    -2,
    -3,
    -3,
    0,
    0
  ]
]