[
  [
    0,
    -1,
    0,
    0,
    0,
    0,
    0,
    -3,
    0,
    -1,
    1150,
    -1,
    -3,
    500,
    0,
    0,
    -1,
    0,
    -2,
    -1,
    0
  ],
  [
    -3,
    0,
    -3,
    -2,
    0,
    -1,
    0,
    0,
    1150,
    0,
    0,
    0,
    -1,
    -1,
    0,
    -1,
    0,
    0,
    -2,
    0,
    -3
  ],
  [
    -1,
    -3,
    -2,
    950,
    -1,
    -2,
    0,
    -1,
    0,
    500,
    800,
    0,
    0,
    0,
    -2,
    -1,
    1150,
    0,
    -2,
    -1,
    -3
  ],
  [
    0,
    -3,
    800,
    650,
    0,
    0,
    -2,
    0,
    -3,
    0,
    0,
    -2,
    -2,
    0,
    -2,
    0,
    750,
    550,
    0,
    0,
    0
  ],
  [
    250,
    0,
    1150,
    0,
    -1,
    -1,
    0,
    -3,
    0,
    -1,
    0,
    -3,
    -2,
    0,
    0,
    950,
    -1,
    -2,
    -1,
    -1,
    -1
  ],
  [
    -1,
    0,
    0,
    -1,
    -3,
    -3,
    -1,
    -1,
    0,
    0,
    -3,
    -2,
    0,
    550,
    0,
    1100,
    -1,
    0,
    -1,
    -1,
    -3
  ],
  [
    0,
    -2,
    -1,
    -3,
    -2,
    -3,
    -3,
    -1,
    0,
    -3,
    900,
    0,
    0,
    250,
    -3,
    650,
    -1,
    -1,
    -1,
    -3,
    0
  ],
  [
    0,
    -1,
    -3,
    -2,
    0,
    -2,
    -3,
    -1,
    0,
    650,
    0,
    0,
    -2,
    0,
    0,
    400,
    0,
    -1,
    -3,
    0,
    0
  ],
  [
    0,
    -3,
    -2,
    0,
    0,
    -2,
    -3,
    -1,
    0,
    -1,
    800,
    -2,
    0,
    -2,
    -1,
    0,
    -1,
    -3,
    0,
    0,
    900
  ]
]