[
  [
    0,
    -1,
    0,
    0,
    50,
    1000,
    0,
    -3,
    0,
    -1,
    1150,
    -1,
    -3,
    0,
    0,
    0,
    -1,
    0,
    -2,
    -1,
    0
  ],
  [
    -3,
    0,
    -3,
    -2,
    0,
    -1,
    0,
    0,
    0,
    0,
    0,
    0,
    -1,
    -1,
    0,
    -1,
    0,
    0,
    -2,
    0,
    -3
  ],
  [
    -1,
    -3,
    -2,
    0,
    -1,
    -2,
    0,
    -1,
    0,
    200,
    0,
    0,
    0,
    150,
    -2,
    -1,
    950,
    0,
    -2,
    -1,
    -3
  ],
  [
    0,
    -3,
    0,
    0,
    0,
    0,
    -2,
    900,
    -3,
    0,
    0,
    -2,
    -2,
    0,
    -2,
    0,
    0,
    0,
    0,
    200,
    0
  ],
  [
    0,
    0,
    0,
    0,
    -1,
    -1,
    1150,
    -3,
    1050,
    -1,
    0,
    -3,
    -2,
    0,
    0,
    1050,
    -1,
    -2,
    -1,
    -1,
    -1
  ],
  [
    -1,
    0,
    0,
    -1,
    -3,
    -3,
    -1,
    -1,
    0,
    0,
    -3,
    -2,
    500,
    850,
    0,
    0,
    -1,
    0,
    -1,
    -1,
    -3
  ],
  [
    0,
    -2,
    -1,
    -3,
    -2,
    -3,
    -3,
    -1,
    0,
    -3,
    0,
    0,
    100,
    0,
    -3,
    0,
    -1,
    -1,
    -1,
    -3,
    0
  ],
  [
    300,
    -1,
    -3,
    -2,
    0,
    -2,
    -3,
    -1,
    1000,
    0,
    0,
    0,
    -2,
    0,
    350,
    0,
    0,
    -1,
    -3,
    0,
    0
  ],
  [
    1150,
    -3,
    -2,
    0,
    0,
    -2,
    -3,
    -1,
    0,
    -1,
    0,
    -2,
    0,
    -2,
    -1,
    0,
    -1,
    -3,
    0,
    0,
    1150
  ]
]