[
  [
    0,
    -1,
    0,
    100,
    350,
    100,
    150,
    -3,
    0,
    -1,
    0,
    -1,
    -3,
    0,
    0,
    0,
    -1,
    900,
    -2,
    -1,
    0
  ],
  [
    -3,
    0,
    -3,
    -2,
    0,
    -1,
    0,
    0,
    0,
    0,
    0,
    0,
    -1,
    -1,
    1100,
    -1,
    0,
    0,
    -2,
    300,
    -3
  ],
  [
    -1,
    -3,
    -2,
    600,
    -1,
    -2,
    0,
    -1,
    0,
    0,
    0,
    0,
    0,
    0,
    -2,
    -1,
    0,
    0,
    -2,
    -1,
    -3
  ],
  [
    0,
    -3,
    0,
    0,
    0,
    0,
    -2,
    0,
    -3,
    0,
    0,
    -2,
    -2,
    1000,
    -2,
    0,
    0,
    0,
    50,
    0,
    0
  ],
  [
    0,
    0,
    0,
    0,
    -1,
    -1,
    0,
    -3,
    0,
    -1,
    0,
    -3,
    -2,
    0,
    0,
    1100,
    -1,
    -2,
    -1,
    -1,
    -1
  ],
  [
    -1,
    0,
    700,
    -1,
    -3,
    -3,
    -1,
    -1,
    0,
    0,
    -3,
    -2,
    750,
    0,
    300,
    0,
    -1,
    0,
    -1,
    -1,
    -3
  ],
  [
    0,
    -2,
    -1,
    -3,
    -2,
    -3,
    -3,
    -1,
    0,
    -3,
    1100,
    0,
    650,
    0,
    -3,
    0,
    -1,
    -1,
    -1,
    -3,
    0
  ],
  [
    0,
    -1,
    -3,
    -2,
    0,
    -2,
    -3,
    -1,
    600,
    950,
    0,
    0,
    -2,
    0,
    750,
    0,
    0,
    -1,
    -3,
    0,
    0
  ],
  [
    0,
    -3,
    -2,
    0,
    250,
    -2,
    -3,
    -1,
    0,
    -1,
    600,
    -2,
    0,
    -2,
    -1,
    0,
    -1,
    -3,
    250,
    0,
    1000
  ]
]