[
  [
    0,
    -1,
    0,
    0,
    250,
    0,
    1150,
    -3,
    0,
    -1,
    0,
    -1,
    -3,
    0,
    0,
    0,
    -1,
    0,
    -2,
    -1,
    0
  ],
  [
    -3,
    0,
    -3,
    -2,
    350,
    -1,
    0,
    0,
    0,
    0,
    100,
    700,
    -1,
    -1,
    0,
    -1,
    1000,
    0,
    -2,
    550,
    -3
  ],
  [
    -1,
    -3,
    -2,
    0,
    -1,
    -2,
    0,
    -1,
    400,
    1000,
    650,
    0,
    0,
    1150,
    -2,
    -1,
    0,
    0,
    -2,
    -1,
    -3
  ],
  [
    0,
    -3,
    0,
    0,
    0,
    0,
    -2,
    1100,
    -3,
    0,
    0,
    -2,
    -2,
    0,
    -2,
    0,
    0,
    0,
    0,
    0,
    0
  ],
  [
    0,
    100,
    0,
    850,
    -1,
    -1,
    0,
    -3,
    0,
    -1,
    1150,
    -3,
    -2,
    0,
    0,
    0,
    -1,
    -2,
    -1,
    -1,
    -1
  ],
  [
    -1,
    0,
    0,
    -1,
    -3,
    -3,
    -1,
    -1,
    0,
    500,
    -3,
    -2,
    800,
    0,
    0,
    400,
    -1,
    0,
    -1,
    -1,
    -3
  ],
  [
    0,
    -2,
    -1,
    -3,
    -2,
    -3,
    -3,
    -1,
    0,
    -3,
    0,
    0,
    650,
    0,
    -3,
    550,
    -1,
    -1,
    -1,
    -3,
    600
  ],
  [
    0,
    -1,
    -3,
    -2,
    0,
    -2,
    -3,
    -1,
    0,
    0,
    600,
    800,
    -2,
    0,
    0,
    0,
    0,
    -1,
    -3,
    0,
    700
  ],
  [
    0,
    -3,
    -2,
    0,
    0,
    -2,
    -3,
    -1,
    0,
    -1,
    950,
    -2,
    0,
    -2,
    -1,
    0,
    -1,
    -3,
    0,
    0,
    0
  ]
]