[
  [
    0,
    -1,
    0,
    0,
    0,
    200,
    0,
    -3,
    0,
    -1,
    0,
    -1,
    -3,
    1000,
    0,
    0,
    -1,
    500,
    -2,
    -1,
    0
  ],
  [
    -3,
    0,
    -3,
    -2,
    0,
    -1,
    0,
    0,
    1100,
    0,
    1000,
    0,
    -1,
    -1,
    1000,
    -1,
    0,
    0,
    -2,
    0,
    -3
  ],
  [
    -1,
    -3,
    -2,
    0,
    -1,
    -2,
    1100,
    -1,
    0,
    0,
    0,
    0,
    550,
    150,
    -2,
    -1,
    0,
    900,
    -2,
    -1,
    -3
  ],
  [
    0,
    -3,
    0,
    0,
    0,
    0,
    -2,
    0,
    -3,
    0,
    0,
    -2,
    -2,
    0,
    -2,
    250,
    0,
    0,
    0,
    0,
    0
  ],
  [
    0,
    0,
    0,
    0,
    -1,
    -1,
    0,
    -3,
    0,
    -1,
    0,
    -3,
    -2,
    150,
    0,
    500,
    -1,
    -2,
    -1,
    -1,
    -1
  ],
  [
    -1,
    900,
    0,
    -1,
    -3,
    -3,
    -1,
    -1,
    0,
    0,
    -3,
    -2,
    0,
    0,
    0,
    0,
    -1,
    650,
    -1,
    -1,
    -3
  ],
  [
    0,
    -2,
    -1,
    -3,
    -2,
    -3,
    -3,
    -1,
    0,
    -3,
    0,
    0,
    0,
    550,
    -3,
    0,
    -1,
    -1,
    -1,
    -3,
    300
  ],
  [
    0,
    -1,
    -3,
    -2,
    0,
    -2,
    -3,
    -1,
    0,
    150,
    0,
    0,
    -2,
    900,
    0,
    0,
    0,
    -1,
    -3,
    0,
    0
  ],
  [
    0,
    -3,
    -2,
    0,
    0,
    -2,
    -3,
    -1,
    1000,
    -1,
    0,
    -2,
    450,
    -2,
    -1,
    0,
    -1,
    -3,
    0,
    1050,
    0
  ]
]