[
  [
    0,
    -1,
    850,
    0,
    0,
    0,
    650,
    -3,
    0,
    -1,
    0,
    -1,
    -3,
    0,
    0,
    0,
    -1,
    900,
    -2,
    -1,
    0
  ],
  [
    -3,
    0,
    -3,
    -2,
    0,
    -1,
    0,
    0,
    0,
    0,
    0,
    50,
    -1,
    -1,
    0,
    -1,
    0,
    0,
    -2,
    1100,
    -3
  ],
  [
    -1,
    -3,
    -2,
    0,
    -1,
    -2,
    0,
    -1,
    0,
    0,
    0,
    0,
    450,
    200,
    -2,
    -1,
    0,
    0,
    -2,
    -1,
    -3
  ],
  [
    0,
    -3,
    0,
    0,
    0,
    1100,
    -2,
    0,
    -3,
    0,
    0,
    -2,
    -2,
    0,
    -2,
    0,
    0,
    0,
    100,
    0,
    0
  ],
  [
    0,
    950,
    0,
    300,
    -1,
    -1,
    0,
    -3,
    0,
    -1,
    0,
    -3,
    -2,
    750,
    0,
    0,
    -1,
    -2,
    -1,
    -1,
    -1
  ],
  [
    -1,
    0,
    750,
    -1,
    -3,
    -3,
    -1,
    -1,
    300,
    0,
    -3,
    -2,
    800,
    0,
    0,
    0,
    -1,
    0,
    -1,
    -1,
    -3
  ],
  [
    200,
    -2,
    -1,
    -3,
    -2,
    -3,
    -3,
    -1,
    0,
    -3,
    150,
    0,
    0,
    0,
    -3,
    0,
    -1,
    -1,
    -1,
    -3,
    0
  ],
  [
    200,
    -1,
    -3,
    -2,
    0,
    -2,
    -3,
    -1,
    0,
    0,
    0,
    0,
    -2,
    750,
    0,
    0,
    0,
    -1,
    -3,
    0,
    1150
  ],
  [
    0,
    -3,
    -2,
    0,
    1050,
    -2,
    -3,
    -1,
    0,
    -1,
    750,
    -2,
    0,
    -2,
    -1,
    0,
    -1,
    -3,
    0,
    0,
    650
  ]
]