[
  [
    0,
    -1,
    900,
    1100,
    0,
    0,
    0,
    -3,
    0,
    -1,
    0,
    -1,
    -3,
    0,
    100,
    0,
    -1,
    0,
    -2,
    -1,
    0
  ],
  [
    -3,
    400,
    -3,
    -2,
    0,
    -1,
    0,
    0,
    0,
    0,
    500,
    0,
    -1,
    -1,
    0,
    -1,
    1150,
    550,
    -2,
    0,
    -3
  ],
  [
    -1,
    -3,
    -2,
    0,
    -1,
    -2,
    0,
    -1,
    0,
    0,
    950,
    0,
    0,
    0,
    -2,
    -1,
    0,
    0,
    -2,
    -1,
    -3
  ],
  [
    0,
    -3,
    0,
    750,
    0,
    0,
    -2,
    350,
    -3,
    0,
    900,
    -2,
    -2,
    0,
    -2,
    0,
    600,
    0,
    1100,
    0,
    0
  ],
  [
    0,
    0,
    750,
    0,
    -1,
    -1,
    0,
    -3,
    0,
    -1,
    0,
    -3,
    -2,
    0,
    0,
    0,
    -1,
    -2,
    -1,
    -1,
    -1
  ],
  [
    -1,
    0,
    0,
    -1,
    -3,
    -3,
    -1,
    -1,
    0,
    0,
    -3,
    -2,
    0,
    0,
    0,
    0,
    -1,
    700,
    -1,
    -1,
    -3
  ],
  [
    0,
    -2,
    -1,
    -3,
    -2,
    -3,
    -3,
    -1,
    0,
    -3,
    0,
    0,
    1050,
    0,
    -3,
    0,
    -1,
    -1,
    -1,
    -3,
    0
  ],
  [
    0,
    -1,
    -3,
    -2,
    0,
    -2,
    -3,
    -1,
    0,
    0,
    0,
    950,
    -2,
    0,
    0,
    0,
    850,
    -1,
    -3,
    0,
    400
  ],
  [
    0,
    -3,
    -2,
    0,
    0,
    -2,
    -3,
    -1,
    700,
    -1,
    700,
    -2,
    0,
    -2,
    -1,
    150,
    -1,
    -3,
    0,
    0,
    0
  ]
]