[
  [
    0,
    -1,
    0,
    0,
    0,
    400,
    0,
    -3,
    0,
    -1,
    0,
    -1,
    -3,
    0,
    0,
    50,
    -1,
    0,
    -2,
    -1,
    0
  ],
  [
    -3,
    0,
    -3,
    -2,
    0,
    -1,
    0,
    1150,
    0,
    0,
    600,
    0,
    -1,
    -1,
    0,
    -1,
    0,
    0,
    -2,
    0,
    -3
  ],
  [
    -1,
    -3,
    -2,
    0,
    -1,
    -2,
    0,
    -1,
    0,
    0,
    200,
    0,
    0,
    150,
    -2,
    -1,
    0,
    0,
    -2,
    -1,
    -3
  ],
  [
    400,
    -3,
    0,
    0,
    150,
    150,
    -2,
    0,
    -3,
    900,
    0,
    -2,
    -2,
    0,
    -2,
    0,
    0,
    100,
    650,
    0,
    0
  ],
  [
    0,
    0,
    0,
    0,
    -1,
    -1,
    0,
    -3,
    0,
    -1,
    350,
    -3,
    -2,
    0,
    0,
    0,
    -1,
    -2,
    -1,
    -1,
    -1
  ],
  [
    -1,
    0,
    400,
    -1,
    -3,
    -3,
    -1,
    -1,
    1000,
    1000,
    -3,
    -2,
    350,
    0,
    0,
    0,
    -1,
    0,
    -1,
    -1,
    -3
  ],
  [
    600,
    -2,
    -1,
    -3,
    -2,
    -3,
    -3,
    -1,
    0,
    -3,
    150,
    50,
    0,
    0,
    -3,
    750,
    -1,
    -1,
    -1,
    -3,
    0
  ],
  [
    0,
    -1,
    -3,
    -2,
    1150,
    -2,
    -3,
    -1,
    0,
    0,
    900,
    0,
    -2,
    0,
    0,
    0,
    0,
    -1,
    -3,
    0,
    0
  ],
  [
    1000,
    -3,
    -2,
    0,
    0,
    -2,
    -3,
    -1,
    0,
    -1,
    0,
    -2,
    0,
    -2,
    -1,
    0,
    -1,
    -3,
    0,
    0,
    700
  ]
]