[
  [
    0,
    -1,
    0,
    0,
    0,
    1000,
    0,
    -3,
    0,
    -1,
    300,
    -1,
    -3,
    0,
    0,
    0,
    -1,
    0,
    -2,
    -1,
    500
  ],
  [
    -3,
    0,
    -3,
    -2,
    0,
    -1,
    100,
    0,
    0,
    1000,
    0,
    0,
    -1,
    -1,
    0,
    -1,
    750,
    0,
    -2,
    0,
    -3
  ],
  [
    -1,
    -3,
    -2,
    700,
    -1,
    -2,
    0,
    -1,
    850,
    0,
    450,
    0,
    0,
    0,
    -2,
    -1,
    850,
    0,
    -2,
    -1,
    -3
  ],
  [
    0,
    -3,
    0,
    0,
    0,
    0,
    -2,
    0,
    -3,
    0,
    0,
    -2,
    -2,
    0,
    -2,
    0,
    0,
    0,
    950,
    0,
    450
  ],
  [
    0,
    0,
    0,
    550,
    -1,
    -1,
    250,
    -3,
    0,
    -1,
    0,
    -3,
    -2,
    0,
    0,
    0,
    -1,
    -2,
    -1,
    -1,
    -1
  ],
  [
    -1,
    0,
    0,
    -1,
    -3,
    -3,
    -1,
    -1,
    0,
    0,
    -3,
    -2,
    0,
    0,
    0,
    0,
    -1,
    0,
    -1,
    -1,
    -3
  ],
  [
    50,
    -2,
    -1,
    -3,
    -2,
    -3,
    -3,
    -1,
    0,
    -3,
    0,
    0,
    0,
    0,
    -3,
    0,
    -1,
    -1,
    -1,
    -3,
    0
  ],
  [
    0,
    -1,
    -3,
    -2,
    0,
    -2,
    -3,
    -1,
    100,
    400,
    0,
    0,
    -2,
    0,
    0,
    550,
    700,
    -1,
    -3,
    0,
    0
  ],
  [
    0,
    -3,
    -2,
    0,
    0,
    -2,
    -3,
    -1,
    0,
    -1,
    0,
    -2,
    0,
    -2,
    -1,
    0,
    -1,
    -3,
    1050,
    0,
    100
  ]
]