[
  [
    1100,
    -1,
    950,
    0,
    750,
    600,
    0,
    -3,
    0,
    -1,
    0,
    -1,
    -3,
    0,
    0,
    0,
    -1,
    0,
    -2,
    -1,
    0
  ],
  [
    -3,
    0,
    -3,
    -2,
    0,
    -1,
    0,
    0,
    0,
    0,
    0,
    0,
    -1,
    -1,
    0,
    -1,
    0,
    0,
    -2,
    0,
    -3
  ],
  [
    -1,
    -3,
    -2,
    0,
    -1,
    -2,
    0,
    -1,
    750,
    250,
    0,
    0,
    0,
    0,
    -2,
    -1,
    0,
    0,
    -2,
    -1,
    -3
  ],
  [
    0,
    -3,
    0,
    0,
    0,
    850,
    -2,
    950,
    -3,
    0,
    50,
    -2,
    -2,
    0,
    -2,
    0,
    150,
    950,
    0,
    0,
    550
  ],
  [
    0,
    0,
    0,
    0,
    -1,
    -1,
    0,
    -3,
    150,
    -1,
    0,
    -3,
    -2,
    1150,
    0,
    50,
    -1,
    -2,
    -1,
    -1,
    -1
  ],
  [
    -1,
    0,
    0,
    -1,
    -3,
    -3,
    -1,
    -1,
    0,
    450,
    -3,
    -2,
    0,
    100,
    0,
    0,
    -1,
    0,
    -1,
    -1,
    -3
  ],
  [
    500,
    -2,
    -1,
    -3,
    -2,
    -3,
    -3,
    -1,
    1150,
    -3,
    100,
    0,
    0,
    600,
    -3,
    100,
    -1,
    -1,
    -1,
    -3,
    0
  ],
  [
    0,
    -1,
    -3,
    -2,
    100,
    -2,
    -3,
    -1,
    0,
    450,
    0,
    0,
    -2,
    0,
    0,
    0,
    0,
    -1,
    -3,
    0,
    0
  ],
  [
    0,
    -3,
    -2,
    0,
    0,
    -2,
    -3,
    -1,
    0,
    -1,
    0,
    -2,
    0,
    -2,
    -1,
    450,
    -1,
    -3,
    0,
    0,
    0
  ]
]