[
  [
    0,
    -1,
    0,
    600,
    0,
    0,
    700,
    -3,
    0,
    -1,
    0,
    -1,
    -3,
    0,
    0,
    0,
    -1,
    0,
    -2,
    -1,
    0
  ],
  [
    -3,
    0,
    -3,
    -2,
    0,
    -1,
    0,
    400,
    300,
    450,
    0,
    0,
    -1,
    -1,
    0,
    -1,
    0,
    0,
    -2,
    0,
    -3
  ],
  [
    -1,
    -3,
    -2,
    0,
    -1,
    -2,
    1050,
    -1,
    0,
    0,
    0,
    0,
    0,
    0,
    -2,
    -1,
    0,
    0,
    -2,
    -1,
    -3
  ],
  [
    0,
    -3,
    0,
    0,
    0,
    0,
    -2,
    0,
    -3,
    0,
    0,
    -2,
    -2,
    0,
    -2,
    0,
    900,
    0,
    0,
    0,
    0
  ],
  [
    0,
    0,
    0,
    700,
    -1,
    -1,
    0,
    -3,
    0,
    -1,
    100,
    -3,
    -2,
    50,
    0,
    0,
    -1,
    -2,
    -1,
    -1,
    -1
  ],
  [
    -1,
    350,
    0,
    -1,
    -3,
    -3,
    -1,
    -1,
    0,
    0,
    -3,
    -2,
    0,
    850,
    0,
    150,
    -1,
    0,
    -1,
    -1,
    -3
  ],
  [
    0,
    -2,
    -1,
    -3,
    -2,
    -3,
    -3,
    -1,
    550,
    -3,
    0,
    0,
    0,
    0,
    -3,
    1000,
    -1,
    -1,
    -1,
    -3,
    0
  ],
  [
    0,
    -1,
    -3,
    -2,
    0,
    -2,
    -3,
    -1,
    0,
    0,
    0,
    0,
    -2,
    0,
    0,
    0,
    0,
    -1,
    -3,
    0,
    0
  ],
  [
    0,
    -3,
    -2,
    0,
    0,
    -2,
    -3,
    -1,
    0,
    -1,
    450,
    -2,
    0,
    -2,
    -1,
    450,
    -1,
    -3,
    0,
    550,
    0
  ]
]