[
  [
    700,
    -2,
    0,
    -2,
    100,
    -1,
    0,
    1050,
    0,
    500,
    -1,
    -2,
    -2,
    -2,
    0,
    0,
    0,
    1150,
    200,
    -2,
    350
  ],
  [
    -2,
    -2,
    -2,
    -2,
    -1,
    0,
    -1,
    -1,
    -1,
    -1,
    -3,
    0,
    -2,
    -2,
    -2,
    -2,
    -3,
    -3,
    0,
    -2,
    -1
  ],
  [
    -2,
    -2,
    300,
    -2,
    0,
    -2,
    0,
    -2,
    -3,
    -3,
    -2,
    350,
    -3,
    -2,
    -2,
    950,
    -3,
    -3,
    0,
    0,
    0
  ],
  [
    0,
    -3,
    -3,
    -2,
    0,
    0,
    -1,
    0,
    500,
    -3,
    -2,
    700,
    0,
    250,
    -1,
    1000,
    0,
    -1,
    -1,
    -1,
    -2
  ],
  [
    -2,
    800,
    500,
    0,
    -1,
    0,
    -1,
    0,
    0,
    -3,
    -2,
    0,
    -3,
    0,
    50,
    0,
    -1,
    -3,
    -3,
    -2,
    -1
  ],
  [
    -1,
    -3,
    -1,
    -3,
    0,
    -2,
    0,
    0,
    -2,
    -1,
    0,
    -3,
    0,
    -2,
    0,
    -3,
    100,
    -2,
    -3,
    -2,
    1050
  ],
  [
    -2,
    -3,
    -1,
    -3,
    -1,
    0,
    -1,
    -3,
    -2,
    -1,
    0,
    -1,
    0,
    -1,
    0,
    -1,
    500,
    -2,
    -3,
    -3,
    -1
  ],
  [
    0,
    -3,
    -1,
    -3,
    0,
    -2,
    -3,
    -3,
    0,
    0,
    0,
    0,
    -2,
    250,
    -2,
    -3,
    -3,
    -3,
    -3,
    0,
    -1
  ],
  [
    150,
    -3,
    -1,
    -3,
    -1,
    -1,
    -2,
    -2,
    0,
    -1,
    0,
    -2,
    0,
    -2,
    0,
    0,
    -2,
    -3,
    -3,
    400,
    0
  ]
]