[
  [
    0,
    -1,
    0,
    500,
    1050,
    0,
    0,
    -3,
    0,
    -1,
    0,
    -1,
    -3,
    0,
    0,
    0,
    -1,
    0,
    -2,
    -1,
    0
  ],
  [
    -3,
    0,
    -3,
    -2,
    0,
    -1,
    0,
    0,
    900,
    0,
    0,
    500,
    -1,
    -1,
    0,
    -1,
    0,
    850,
    -2,
    0,
    -3
  ],
  [
    -1,
    -3,
    -2,
    0,
    -1,
    -2,
    450,
    -1,
    500,
    0,
    0,
    0,
    0,
    0,
    -2,
    -1,
    0,
    0,
    -2,
    -1,
    -3
  ],
  [
    250,
    -3,
    0,
    0,
    0,
    750,
    -2,
    0,
    -3,
    0,
    0,
    -2,
    -2,
    0,
    -2,
    400,
    250,
    0,
    0,
    600,
    0
  ],
  [
    0,
    0,
    0,
    0,
    -1,
    -1,
    0,
    -3,
    0,
    -1,
    0,
    -3,
    -2,
    0,
    400,
    0,
    -1,
    -2,
    -1,
    -1,
    -1
  ],
  [
    -1,
    0,
    0,
    -1,
    -3,
    -3,
    -1,
    -1,
    0,
    150,
    -3,
    -2,
    0,
    600,
    0,
    0,
    -1,
    450,
    -1,
    -1,
    -3
  ],
  [
    0,
    -2,
    -1,
    -3,
    -2,
    -3,
    -3,
    -1,
    0,
    -3,
    750,
    0,
    0,
    0,
    -3,
    0,
    -1,
    -1,
    -1,
    -3,
    0
  ],
  [
    100,
    -1,
    -3,
    -2,
    500,
    -2,
    -3,
    -1,
    0,
    0,
    0,
    0,
    -2,
    0,
    0,
    350,
    0,
    -1,
    -3,
    0,
    600
  ],
  [
    550,
    -3,
    -2,
    0,
    450,
    -2,
    -3,
    -1,
    0,
    -1,
    0,
    -2,
    0,
    -2,
    -1,
    0,
    -1,
    -3,
    0,
    400,
    0
  ]
]